(KnockDown)
10000.0
5.0
5.0
5.0
5.0
5.0
5.0
2.0
5.0
5.0
10.0
(AdvertsemetPoint)
5.0
10000.0
5.0
5.0
5.0
5.0
5.0
5.0
5.0
5.0
5.0
(Scouting)
5.0
5.0
10000.0
5.0
5.0
5.0
5.0
5.0
5.0
5.0
5.0
(MedicalFriend)
5.0
5.0
5.0
10000.0
5.0
5.0
5.0
5.0
5.0
5.0
5.0
(Correspondecne_Denger)
5.0
5.0
5.0
5.0
10000.0
5.0
5.0
5.0
5.0
5.0
5.0
(Wander_Field)
5.0
5.0
5.0
5.0
5.0
10000.0
5.0
5.0
5.0
5.0
5.0
(ShotWeapon_Enemy)
5.0
5.0
5.0
5.0
5.0
5.0
10000.0
5.0
5.0
5.0
5.0
(NearAttackEnemy)
5.0
5.0
5.0
5.0
5.0
5.0
5.0
10000.0
5.0
5.0
5.0
(ChargeWeapon)
5.0
5.0
5.0
5.0
5.0
5.0
5.0
5.0
10000.0
5.0
5.0
(Hidden)
5.0
5.0
5.0
5.0
5.0
5.0
5.0
5.0
5.0
10000.0
5.0
(GrenadeAttack)
5.0
5.0
5.0
5.0
5.0
5.0
5.0
5.0
5.0
5.0
10000.0




















