NODE
442
{
0(-6,0,50)
1(-2,0,50)
2(2,0,50)
3(6,0,50)
4(42,0.722965,50)
5(-38,0,46)
6(-34,0,46)
7(-30,0,46)
8(-26,0,46)
9(-22,0,46)
10(-18,0,46)
11(-14,0,46)
12(-10,0,46)
13(-6,0,46)
14(-2,0,46)
15(2,0,46)
16(6,0,46)
17(10,0,46)
18(14,0,46)
19(18,0,46)
20(22,0,46)
21(26,0,46)
22(30,0,46)
23(34,0,46)
24(38,0,46)
25(-38,0,42)
26(-34,0,42)
27(-30,0,42)
28(-26,0,42)
29(-22,0,42)
30(-18,0,42)
31(-14,0,42)
32(-10,0,42)
33(-6,0,42)
34(-2,0,42)
35(2,0,42)
36(6,0,42)
37(10,0,42)
38(14,0,42)
39(18,0,42)
40(22,0,42)
41(26,0,42)
42(30,0,42)
43(34,0,42)
44(38,0,42)
45(-38,0,38)
46(-34,0,38)
47(-30,0,38)
48(-26,0,38)
49(-22,0,38)
50(-18,0,38)
51(-14,0,38)
52(-10,0,38)
53(-6,0,38)
54(-2,0,38)
55(2,0,38)
56(6,0,38)
57(10,0.2,38)
58(18,0.2,38)
59(34,0,38)
60(38,0,38)
61(-38,0,34)
62(-34,0,34)
63(-30,4.00308,34)
64(-26,4,34)
65(-22,4,34)
66(-18,3.78917,34)
67(-14,2.64943,34)
68(-10,1.51111,34)
69(-6,0.373333,34)
70(-2,0,34)
71(2,0,34)
72(6,0,34)
73(10,0,34)
74(14,0,34)
75(18,0,34)
76(22,0,34)
77(26,0,34)
78(30,0,34)
79(34,0,34)
80(38,0,34)
81(-38,0,30)
82(-34,0,30)
83(-30,4.0053,30)
84(-26,4,30)
85(-22,4,30)
86(-18,4,30)
87(-14,4,30)
88(-10,4,30)
89(-6,4,30)
90(-2,0,30)
91(2,0,30)
92(6,0,30)
93(10,0,30)
94(14,0,30)
95(18,0,30)
96(22,0,30)
97(26,0,30)
98(30,0,30)
99(34,0,30)
100(38,0,30)
101(-38,0,26)
102(-34,0,26)
103(-30,4.00533,26)
104(-26,4,26)
105(-14,4,26)
106(-10,4,26)
107(-6,0.0100498,26)
108(-2,0,26)
109(2,0,26)
110(6,0,26)
111(10,0,26)
112(14,0,26)
113(18,0,26)
114(22,0,26)
115(26,0,26)
116(30,0,26)
117(34,0,26)
118(38,0,26)
119(-38,0,22)
120(-34,0,22)
121(-30,3.91313,22)
122(-26,4,22)
123(-14,4,22)
124(-10,4,22)
125(-6,4,22)
126(-2,0,22)
127(2,0,22)
128(6,0,22)
129(10,0.2,22)
130(18,0.2,22)
131(34,0,22)
132(38,0,22)
133(-38,0,18)
134(-34,0,18)
135(-30,3.03055,18)
136(-26,4,18)
137(-14,4,18)
138(-10,4,18)
139(-6,4,18)
140(-2,0,18)
141(2,0,18)
142(6,0,18)
143(10,0,18)
144(14,0,18)
145(18,0,18)
146(22,0,18)
147(26,0,18)
148(30,0,18)
149(34,0,18)
150(38,0,18)
151(-38,0,14)
152(-34,0,14)
153(-30,2.14796,14)
154(-26,4,14)
155(-14,4,14)
156(-10,4,14)
157(-6,4,14)
158(-2,0,14)
159(2,0,14)
160(6,0,14)
161(10,0,14)
162(14,0,14)
163(18,0,14)
164(22,0,14)
165(26,0,14)
166(30,0,14)
167(34,0,14)
168(38,0,14)
169(-38,0,10)
170(-34,0,10)
171(-30,1.26017,10)
172(-26,4,10)
173(-22,4,10)
174(-18,4,10)
175(-14,4.01333,10)
176(-10,4.77778,10)
177(-6,4.77778,10)
178(-2,0,10)
179(2,0,10)
180(6,0,10)
181(10,0,10)
182(14,0,10)
183(18,0,10)
184(22,0,10)
185(26,0,10)
186(30,0,10)
187(34,0,10)
188(38,0,10)
189(-38,0,6)
190(-34,0,6)
191(-30,0.365182,6)
192(-26,4,6)
193(-22,4,6)
194(-18,4,6)
195(-14,4.01333,6)
196(-10,4.86667,6)
197(-6,5.5,6)
198(-2,0,6)
199(2,0,6)
200(6,0,6)
201(10,0,6)
202(14,0,6)
203(18,0,6)
204(22,0,6)
205(26,0,6)
206(30,0,6)
207(34,0,6)
208(38,0,6)
209(-38,0,2)
210(-34,0,2)
211(-30,0,2)
212(-26,0,2)
213(-22,0,2)
214(-18,0,2)
215(-14,0,2)
216(-10,0,2)
217(-6,0,2)
218(-2,5.5,2)
219(2,0,2)
220(6,0,2)
221(10,0,2)
222(14,0,2)
223(18,0.0118423,2)
224(22,0.0118423,2)
225(26,0.0118423,2)
226(30,0.0118427,2)
227(34,0,2)
228(38,0,2)
229(-38,0,-2)
230(-34,0,-2)
231(-30,0,-2)
232(-26,0,-2)
233(-22,0,-2)
234(-18,0,-2)
235(-14,0,-2)
236(-10,0,-2)
237(-6,0,-2)
238(-2,0,-2)
239(2,5.5,-2)
240(6,0,-2)
241(10,0,-2)
242(14,0,-2)
243(18,0.0118866,-2)
244(22,0.0239625,-2)
245(26,0.0307908,-2)
246(30,0.025403,-2)
247(34,0,-2)
248(38,0,-2)
249(-38,0,-6)
250(-34,0,-6)
251(-30,0,-6)
252(-26,0,-6)
253(-22,0.333333,-6)
254(-18,0.173333,-6)
255(-14,0,-6)
256(-10,0,-6)
257(-6,0,-6)
258(-2,0,-6)
259(2,0,-6)
260(6,5.5,-6)
261(10,4.86667,-6)
262(14,4.01333,-6)
263(18,4,-6)
264(22,4,-6)
265(26,4,-6)
266(30,0.364622,-6)
267(34,0,-6)
268(38,0,-6)
269(-38,0,-10)
270(-34,0,-10)
271(-22,1.00169,-10)
272(-18,1.00169,-10)
273(-10,0.133333,-10)
274(-6,0,-10)
275(-2,0,-10)
276(2,0,-10)
277(6,4.77778,-10)
278(10,4.77778,-10)
279(14,4.01333,-10)
280(18,4,-10)
281(22,4,-10)
282(26,4,-10)
283(30,1.25351,-10)
284(34,0,-10)
285(38,0,-10)
286(-38,0,-14)
287(-34,0,-14)
288(-22,0.886889,-14)
289(-18,1.00606,-14)
290(-10,0.133333,-14)
291(-6,0,-14)
292(-2,0,-14)
293(2,0,-14)
294(6,4,-14)
295(10,4,-14)
296(14,4,-14)
297(30,2.13573,-14)
298(34,0,-14)
299(38,0,-14)
300(-38,0,-18)
301(-34,0,-18)
302(-22,0,-18)
303(-18,1,-18)
304(-10,0.133333,-18)
305(-6,0,-18)
306(-2,0,-18)
307(2,0,-18)
308(6,4,-18)
309(10,4,-18)
310(14,4,-18)
311(30,3.01303,-18)
312(34,0,-18)
313(38,0,-18)
314(-38,0,-22)
315(-34,0,-22)
316(-22,0,-22)
317(-18,1,-22)
318(-10,0.133333,-22)
319(-6,0,-22)
320(-2,0,-22)
321(2,0,-22)
322(6,4,-22)
323(10,4,-22)
324(14,4,-22)
325(30,3.89034,-22)
326(34,0,-22)
327(38,0,-22)
328(-38,0,-26)
329(-34,0,-26)
330(-30,2.99987,-26)
331(-26,1,-26)
332(-22,0,-26)
333(-18,1,-26)
334(-10,0.133333,-26)
335(-6,0,-26)
336(-2,0,-26)
337(2,0,-26)
338(6,0.0143242,-26)
339(10,4,-26)
340(14,4,-26)
341(18,4,-26)
342(22,4,-26)
343(26,4,-26)
344(30,4.00419,-26)
345(34,0,-26)
346(38,0,-26)
347(-38,0,-30)
348(-34,0,-30)
349(-22,0,-30)
350(-18,1,-30)
351(-10,0.133333,-30)
352(-6,0,-30)
353(-2,0,-30)
354(2,0.0158672,-30)
355(6,3.99998,-30)
356(10,3.99999,-30)
357(14,4,-30)
358(18,4,-30)
359(22,4,-30)
360(26,4,-30)
361(30,4.00897,-30)
362(34,0,-30)
363(38,0,-30)
364(-38,0,-34)
365(-34,0,-34)
366(-22,0.555556,-34)
367(-18,1,-34)
368(-10,0.133333,-34)
369(-6,0,-34)
370(-2,0.00876904,-34)
371(2,-2.24113e-005,-34)
372(6,0.370189,-34)
373(10,1.50798,-34)
374(14,2.64618,-34)
375(18,3.78549,-34)
376(22,4.00495,-34)
377(26,4.00749,-34)
378(30,4.01072,-34)
379(34,0,-34)
380(38,0,-34)
381(-38,0,-38)
382(-34,0,-38)
383(-22,1,-38)
384(-18,1,-38)
385(-14,0.986667,-38)
386(-10,0.133333,-38)
387(-6,0.00167036,-38)
388(-2,-4.76837e-006,-38)
389(2,0,-38)
390(6,0,-38)
391(10,0,-38)
392(14,0,-38)
393(18,0,-38)
394(22,0,-38)
395(26,0,-38)
396(30,0,-38)
397(34,0,-38)
398(38,0,-38)
399(-38,0,-42)
400(-34,0,-42)
401(-30,0.00538254,-42)
402(-26,0.12,-42)
403(-22,0.666667,-42)
404(-18,0.506667,-42)
405(-14,0,-42)
406(-10,0,-42)
407(-6,0,-42)
408(-2,0,-42)
409(2,0,-42)
410(6,0,-42)
411(10,0,-42)
412(14,0,-42)
413(18,0,-42)
414(22,0,-42)
415(26,0,-42)
416(30,0,-42)
417(34,0,-42)
418(38,0,-42)
419(-38,0,-46)
420(-34,0,-46)
421(-30,0,-46)
422(-26,0,-46)
423(-22,0,-46)
424(-18,0,-46)
425(-14,0,-46)
426(-10,0,-46)
427(-6,0,-46)
428(-2,0,-46)
429(2,0,-46)
430(6,0,-46)
431(10,0,-46)
432(14,0,-46)
433(18,0,-46)
434(22,0,-46)
435(26,0,-46)
436(30,0,-46)
437(34,0,-46)
438(38,0,-46)
439(46,-12.2321,-46)
440(-2,0,2)
441(2,0,-2)
}
EDGE
{
0,4(1,16,2,0,0,0,0,14,32,3,0,0,0,0,13,16,4,0,0,0,0,12,32,5,0,0,0,0,)
1,5(2,16,2,0,0,0,0,15,32,3,0,0,0,0,14,16,4,0,0,0,0,13,32,5,0,0,0,0,0,16,6,0,0,0,0,)
2,5(3,16,2,0,0,0,0,16,32,3,0,0,0,0,15,16,4,0,0,0,0,14,32,5,0,0,0,0,1,16,6,0,0,0,0,)
3,4(17,32,3,0,0,0,0,16,16,4,0,0,0,0,15,32,5,0,0,0,0,2,16,6,0,0,0,0,)
4,1(24,32.5227,5,0,0,0,0,)
5,3(6,16,2,0,0,0,0,26,32,3,0,0,0,0,25,16,4,0,0,0,0,)
6,5(7,16,2,0,0,0,0,27,32,3,0,0,0,0,26,16,4,0,0,0,0,25,32,5,0,0,0,0,5,16,6,0,0,0,0,)
7,5(8,16,2,0,0,0,0,28,32,3,0,0,0,0,27,16,4,0,0,0,0,26,32,5,0,0,0,0,6,16,6,0,0,0,0,)
8,5(9,16,2,0,0,0,0,29,32,3,0,0,0,0,28,16,4,0,0,0,0,27,32,5,0,0,0,0,7,16,6,0,0,0,0,)
9,5(10,16,2,0,0,0,0,30,32,3,0,0,0,0,29,16,4,0,0,0,0,28,32,5,0,0,0,0,8,16,6,0,0,0,0,)
10,5(11,16,2,0,0,0,0,31,32,3,0,0,0,0,30,16,4,0,0,0,0,29,32,5,0,0,0,0,9,16,6,0,0,0,0,)
11,5(12,16,2,0,0,0,0,32,32,3,0,0,0,0,31,16,4,0,0,0,0,30,32,5,0,0,0,0,10,16,6,0,0,0,0,)
12,6(0,32,1,0,0,0,0,13,16,2,0,0,0,0,33,32,3,0,0,0,0,32,16,4,0,0,0,0,31,32,5,0,0,0,0,11,16,6,0,0,0,0,)
13,7(0,16,0,0,0,0,0,1,32,1,0,0,0,0,14,16,2,0,0,0,0,34,32,3,0,0,0,0,33,16,4,0,0,0,0,32,32,5,0,0,0,0,12,16,6,0,0,0,0,)
14,8(1,16,0,0,0,0,0,2,32,1,0,0,0,0,15,16,2,0,0,0,0,35,32,3,0,0,0,0,34,16,4,0,0,0,0,33,32,5,0,0,0,0,13,16,6,0,0,0,0,0,32,7,0,0,0,0,)
15,8(2,16,0,0,0,0,0,3,32,1,0,0,0,0,16,16,2,0,0,0,0,36,32,3,0,0,0,0,35,16,4,0,0,0,0,34,32,5,0,0,0,0,14,16,6,0,0,0,0,1,32,7,0,0,0,0,)
16,7(3,16,0,0,0,0,0,17,16,2,0,0,0,0,37,32,3,0,0,0,0,36,16,4,0,0,0,0,35,32,5,0,0,0,0,15,16,6,0,0,0,0,2,32,7,0,0,0,0,)
17,6(18,16,2,0,0,0,0,38,32,3,0,0,0,0,37,16,4,0,0,0,0,36,32,5,0,0,0,0,16,16,6,0,0,0,0,3,32,7,0,0,0,0,)
18,5(19,16,2,0,0,0,0,39,32,3,0,0,0,0,38,16,4,0,0,0,0,37,32,5,0,0,0,0,17,16,6,0,0,0,0,)
19,5(20,16,2,0,0,0,0,40,32,3,0,0,0,0,39,16,4,0,0,0,0,38,32,5,0,0,0,0,18,16,6,0,0,0,0,)
20,5(21,16,2,0,0,0,0,41,32,3,0,0,0,0,40,16,4,0,0,0,0,39,32,5,0,0,0,0,19,16,6,0,0,0,0,)
21,5(22,16,2,0,0,0,0,42,32,3,0,0,0,0,41,16,4,0,0,0,0,40,32,5,0,0,0,0,20,16,6,0,0,0,0,)
22,5(23,16,2,0,0,0,0,43,32,3,0,0,0,0,42,16,4,0,0,0,0,41,32,5,0,0,0,0,21,16,6,0,0,0,0,)
23,5(24,16,2,0,0,0,0,44,32,3,0,0,0,0,43,16,4,0,0,0,0,42,32,5,0,0,0,0,22,16,6,0,0,0,0,)
24,4(4,32.5227,1,0,0,0,0,44,16,4,0,0,0,0,43,32,5,0,0,0,0,23,16,6,0,0,0,0,)
25,5(5,16,0,0,0,0,0,6,32,1,0,0,0,0,26,16,2,0,0,0,0,46,32,3,0,0,0,0,45,16,4,0,0,0,0,)
26,8(6,16,0,0,0,0,0,7,32,1,0,0,0,0,27,16,2,0,0,0,0,47,32,3,0,0,0,0,46,16,4,0,0,0,0,45,32,5,0,0,0,0,25,16,6,0,0,0,0,5,32,7,0,0,0,0,)
27,8(7,16,0,0,0,0,0,8,32,1,0,0,0,0,28,16,2,0,0,0,0,48,32,3,0,0,0,0,47,16,4,0,0,0,0,46,32,5,0,0,0,0,26,16,6,0,0,0,0,6,32,7,0,0,0,0,)
28,8(8,16,0,0,0,0,0,9,32,1,0,0,0,0,29,16,2,0,0,0,0,49,32,3,0,0,0,0,48,16,4,0,0,0,0,47,32,5,0,0,0,0,27,16,6,0,0,0,0,7,32,7,0,0,0,0,)
29,8(9,16,0,0,0,0,0,10,32,1,0,0,0,0,30,16,2,0,0,0,0,50,32,3,0,0,0,0,49,16,4,0,0,0,0,48,32,5,0,0,0,0,28,16,6,0,0,0,0,8,32,7,0,0,0,0,)
30,8(10,16,0,0,0,0,0,11,32,1,0,0,0,0,31,16,2,0,0,0,0,51,32,3,0,0,0,0,50,16,4,0,0,0,0,49,32,5,0,0,0,0,29,16,6,0,0,0,0,9,32,7,0,0,0,0,)
31,8(11,16,0,0,0,0,0,12,32,1,0,0,0,0,32,16,2,0,0,0,0,52,32,3,0,0,0,0,51,16,4,0,0,0,0,50,32,5,0,0,0,0,30,16,6,0,0,0,0,10,32,7,0,0,0,0,)
32,8(12,16,0,0,0,0,0,13,32,1,0,0,0,0,33,16,2,0,0,0,0,53,32,3,0,0,0,0,52,16,4,0,0,0,0,51,32,5,0,0,0,0,31,16,6,0,0,0,0,11,32,7,0,0,0,0,)
33,8(13,16,0,0,0,0,0,14,32,1,0,0,0,0,34,16,2,0,0,0,0,54,32,3,0,0,0,0,53,16,4,0,0,0,0,52,32,5,0,0,0,0,32,16,6,0,0,0,0,12,32,7,0,0,0,0,)
34,8(14,16,0,0,0,0,0,15,32,1,0,0,0,0,35,16,2,0,0,0,0,55,32,3,0,0,0,0,54,16,4,0,0,0,0,53,32,5,0,0,0,0,33,16,6,0,0,0,0,13,32,7,0,0,0,0,)
35,8(15,16,0,0,0,0,0,16,32,1,0,0,0,0,36,16,2,0,0,0,0,56,32,3,0,0,0,0,55,16,4,0,0,0,0,54,32,5,0,0,0,0,34,16,6,0,0,0,0,14,32,7,0,0,0,0,)
36,8(16,16,0,0,0,0,0,17,32,1,0,0,0,0,37,16,2,0,0,0,0,57,32.04,3,0,0,0,0,56,16,4,0,0,0,0,55,32,5,0,0,0,0,35,16,6,0,0,0,0,15,32,7,0,0,0,0,)
37,7(17,16,0,0,0,0,0,18,32,1,0,0,0,0,38,16,2,0,0,0,0,57,16.04,4,0,0,0,0,56,32,5,0,0,0,0,36,16,6,0,0,0,0,16,32,7,0,0,0,0,)
38,7(18,16,0,0,0,0,0,19,32,1,0,0,0,0,39,16,2,0,0,0,0,58,32.04,3,0,0,0,0,57,32.04,5,0,0,0,0,37,16,6,0,0,0,0,17,32,7,0,0,0,0,)
39,6(19,16,0,0,0,0,0,20,32,1,0,0,0,0,40,16,2,0,0,0,0,58,16.04,4,0,0,0,0,38,16,6,0,0,0,0,18,32,7,0,0,0,0,)
40,7(20,16,0,0,0,0,0,21,32,1,0,0,0,0,41,16,2,0,0,0,0,58,32.04,5,0,0,0,0,75,80,5,0,0,0,0,39,16,6,0,0,0,0,19,32,7,0,0,0,0,)
41,5(21,16,0,0,0,0,0,22,32,1,0,0,0,0,42,16,2,0,0,0,0,40,16,6,0,0,0,0,20,32,7,0,0,0,0,)
42,6(22,16,0,0,0,0,0,23,32,1,0,0,0,0,43,16,2,0,0,0,0,59,32,3,0,0,0,0,41,16,6,0,0,0,0,21,32,7,0,0,0,0,)
43,7(23,16,0,0,0,0,0,24,32,1,0,0,0,0,44,16,2,0,0,0,0,60,32,3,0,0,0,0,59,16,4,0,0,0,0,42,16,6,0,0,0,0,22,32,7,0,0,0,0,)
44,5(24,16,0,0,0,0,0,60,16,4,0,0,0,0,59,32,5,0,0,0,0,43,16,6,0,0,0,0,23,32,7,0,0,0,0,)
45,5(25,16,0,0,0,0,0,26,32,1,0,0,0,0,46,16,2,0,0,0,0,62,32,3,0,0,0,0,61,16,4,0,0,0,0,)
46,7(26,16,0,0,0,0,0,27,32,1,0,0,0,0,47,16,2,0,0,0,0,62,16,4,0,0,0,0,61,32,5,0,0,0,0,45,16,6,0,0,0,0,25,32,7,0,0,0,0,)
47,5(27,16,0,0,0,0,0,28,32,1,0,0,0,0,48,16,2,0,0,0,0,46,16,6,0,0,0,0,26,32,7,0,0,0,0,)
48,5(28,16,0,0,0,0,0,29,32,1,0,0,0,0,49,16,2,0,0,0,0,47,16,6,0,0,0,0,27,32,7,0,0,0,0,)
49,5(29,16,0,0,0,0,0,30,32,1,0,0,0,0,50,16,2,0,0,0,0,48,16,6,0,0,0,0,28,32,7,0,0,0,0,)
50,5(30,16,0,0,0,0,0,31,32,1,0,0,0,0,51,16,2,0,0,0,0,49,16,6,0,0,0,0,29,32,7,0,0,0,0,)
51,5(31,16,0,0,0,0,0,32,32,1,0,0,0,0,52,16,2,0,0,0,0,50,16,6,0,0,0,0,30,32,7,0,0,0,0,)
52,5(32,16,0,0,0,0,0,33,32,1,0,0,0,0,53,16,2,0,0,0,0,51,16,6,0,0,0,0,31,32,7,0,0,0,0,)
53,7(33,16,0,0,0,0,0,34,32,1,0,0,0,0,54,16,2,0,0,0,0,70,32,3,0,0,0,0,69,16.1394,4,0,0,0,0,52,16,6,0,0,0,0,32,32,7,0,0,0,0,)
54,8(34,16,0,0,0,0,0,35,32,1,0,0,0,0,55,16,2,0,0,0,0,71,32,3,0,0,0,0,70,16,4,0,0,0,0,69,32.1394,5,0,0,0,0,53,16,6,0,0,0,0,33,32,7,0,0,0,0,)
55,8(35,16,0,0,0,0,0,36,32,1,0,0,0,0,56,16,2,0,0,0,0,72,32,3,0,0,0,0,71,16,4,0,0,0,0,70,32,5,0,0,0,0,54,16,6,0,0,0,0,34,32,7,0,0,0,0,)
56,6(36,16,0,0,0,0,0,37,32,1,0,0,0,0,72,16,4,0,0,0,0,71,32,5,0,0,0,0,55,16,6,0,0,0,0,35,32,7,0,0,0,0,)
57,5(37,16.04,0,0,0,0,0,38,32.04,1,0,0,0,0,73,16.04,4,0,0,0,0,72,32.04,5,0,0,0,0,36,32.04,7,0,0,0,0,)
58,5(39,16.04,0,0,0,0,0,40,32.04,1,0,0,0,0,76,32.04,3,0,0,0,0,75,16.04,4,0,0,0,0,38,32.04,7,0,0,0,0,)
59,7(43,16,0,0,0,0,0,44,32,1,0,0,0,0,60,16,2,0,0,0,0,80,32,3,0,0,0,0,79,16,4,0,0,0,0,78,32,5,0,0,0,0,42,32,7,0,0,0,0,)
60,5(44,16,0,0,0,0,0,80,16,4,0,0,0,0,79,32,5,0,0,0,0,59,16,6,0,0,0,0,43,32,7,0,0,0,0,)
61,5(45,16,0,0,0,0,0,46,32,1,0,0,0,0,62,16,2,0,0,0,0,82,32,3,0,0,0,0,81,16,4,0,0,0,0,)
62,5(46,16,0,0,0,0,0,82,16,4,0,0,0,0,81,32,5,0,0,0,0,61,16,6,0,0,0,0,45,32,7,0,0,0,0,)
63,8(47,32.0247,0,0,0,0,0,48,48.0247,1,0,0,0,0,64,16,2,0,0,0,0,84,32,3,0,0,0,0,83,16,4,0,0,0,0,82,48.0247,5,0,0,0,0,62,32.0247,6,0,0,0,0,46,48.0247,7,0,0,0,0,)
64,8(48,32,0,0,0,0,0,49,48,1,0,0,0,0,65,16,2,0,0,0,0,85,32,3,0,0,0,0,84,16,4,0,0,0,0,83,32,5,0,0,0,0,63,16,6,0,0,0,0,47,48,7,0,0,0,0,)
65,8(49,32,0,0,0,0,0,50,48,1,0,0,0,0,66,16.0444,2,0,0,0,0,86,32,3,0,0,0,0,85,16,4,0,0,0,0,84,32,5,0,0,0,0,64,16,6,0,0,0,0,48,48,7,0,0,0,0,)
66,8(50,30.3578,0,0,0,0,0,51,46.3578,1,0,0,0,0,67,17.299,2,0,0,0,0,87,32.0444,3,0,0,0,0,86,16.0444,4,0,0,0,0,85,32.0444,5,0,0,0,0,65,16.0444,6,0,0,0,0,49,46.3578,7,0,0,0,0,)
67,4(51,23.0195,0,0,0,0,0,52,39.0195,1,0,0,0,0,68,17.2958,2,0,0,0,0,50,39.0195,7,0,0,0,0,)
68,4(52,18.2835,0,0,0,0,0,53,34.2835,1,0,0,0,0,69,17.2945,2,0,0,0,0,51,34.2835,7,0,0,0,0,)
69,4(53,16.1394,0,0,0,0,0,54,32.1394,1,0,0,0,0,70,16.1394,2,0,0,0,0,90,32.1394,3,0,0,0,0,)
70,7(54,16,0,0,0,0,0,55,32,1,0,0,0,0,71,16,2,0,0,0,0,91,32,3,0,0,0,0,90,16,4,0,0,0,0,69,16.1394,6,0,0,0,0,53,32,7,0,0,0,0,)
71,8(55,16,0,0,0,0,0,56,32,1,0,0,0,0,72,16,2,0,0,0,0,92,32,3,0,0,0,0,91,16,4,0,0,0,0,90,32,5,0,0,0,0,70,16,6,0,0,0,0,54,32,7,0,0,0,0,)
72,8(56,16,0,0,0,0,0,57,32.04,1,0,0,0,0,73,16,2,0,0,0,0,93,32,3,0,0,0,0,92,16,4,0,0,0,0,91,32,5,0,0,0,0,71,16,6,0,0,0,0,55,32,7,0,0,0,0,)
73,6(57,16.04,0,0,0,0,0,74,16,2,0,0,0,0,94,32,3,0,0,0,0,93,16,4,0,0,0,0,92,32,5,0,0,0,0,72,16,6,0,0,0,0,)
74,5(75,16,2,0,0,0,0,95,32,3,0,0,0,0,94,16,4,0,0,0,0,93,32,5,0,0,0,0,73,16,6,0,0,0,0,)
75,7(58,16.04,0,0,0,0,0,40,80,1,0,0,0,0,76,16,2,0,0,0,0,96,32,3,0,0,0,0,95,16,4,0,0,0,0,94,32,5,0,0,0,0,74,16,6,0,0,0,0,)
76,6(77,16,2,0,0,0,0,97,32,3,0,0,0,0,96,16,4,0,0,0,0,95,32,5,0,0,0,0,75,16,6,0,0,0,0,58,32.04,7,0,0,0,0,)
77,5(78,16,2,0,0,0,0,98,32,3,0,0,0,0,97,16,4,0,0,0,0,96,32,5,0,0,0,0,76,16,6,0,0,0,0,)
78,6(59,32,1,0,0,0,0,79,16,2,0,0,0,0,99,32,3,0,0,0,0,98,16,4,0,0,0,0,97,32,5,0,0,0,0,77,16,6,0,0,0,0,)
79,7(59,16,0,0,0,0,0,60,32,1,0,0,0,0,80,16,2,0,0,0,0,100,32,3,0,0,0,0,99,16,4,0,0,0,0,98,32,5,0,0,0,0,78,16,6,0,0,0,0,)
80,5(60,16,0,0,0,0,0,100,16,4,0,0,0,0,99,32,5,0,0,0,0,79,16,6,0,0,0,0,59,32,7,0,0,0,0,)
81,5(61,16,0,0,0,0,0,62,32,1,0,0,0,0,82,16,2,0,0,0,0,102,32,3,0,0,0,0,101,16,4,0,0,0,0,)
82,5(62,16,0,0,0,0,0,102,16,4,0,0,0,0,101,32,5,0,0,0,0,81,16,6,0,0,0,0,61,32,7,0,0,0,0,)
83,8(63,16,0,0,0,0,0,64,32,1,0,0,0,0,84,16,2,0,0,0,0,104,32,3,0,0,0,0,103,16,4,0,0,0,0,102,48.0424,5,0,0,0,0,82,32.0424,6,0,0,0,0,62,48.0424,7,0,0,0,0,)
84,7(64,16,0,0,0,0,0,65,32,1,0,0,0,0,85,16,2,0,0,0,0,104,16,4,0,0,0,0,103,32,5,0,0,0,0,83,16,6,0,0,0,0,63,32,7,0,0,0,0,)
85,6(65,16,0,0,0,0,0,66,32.0444,1,0,0,0,0,86,16,2,0,0,0,0,104,32,5,0,0,0,0,84,16,6,0,0,0,0,64,32,7,0,0,0,0,)
86,6(66,16.0444,0,0,0,0,0,67,33.824,1,0,0,0,0,87,16,2,0,0,0,0,105,32,3,0,0,0,0,85,16,6,0,0,0,0,65,32,7,0,0,0,0,)
87,7(67,17.824,0,0,0,0,0,68,38.1946,1,0,0,0,0,88,16,2,0,0,0,0,106,32,3,0,0,0,0,105,16,4,0,0,0,0,86,16,6,0,0,0,0,66,32.0444,7,0,0,0,0,)
88,8(68,22.1946,0,0,0,0,0,69,45.1527,1,0,0,0,0,89,16,2,0,0,0,0,107,47.9197,3,0,0,0,0,106,16,4,0,0,0,0,105,32,5,0,0,0,0,87,16,6,0,0,0,0,67,33.824,7,0,0,0,0,)
89,8(69,29.1527,0,0,0,0,0,70,48,1,0,0,0,0,90,32,2,0,0,0,0,108,48,3,0,0,0,0,107,31.9197,4,0,0,0,0,106,32,5,0,0,0,0,88,16,6,0,0,0,0,68,38.1946,7,0,0,0,0,)
90,6(70,16,0,0,0,0,0,71,32,1,0,0,0,0,91,16,2,0,0,0,0,109,32,3,0,0,0,0,108,16,4,0,0,0,0,69,32.1394,7,0,0,0,0,)
91,8(71,16,0,0,0,0,0,72,32,1,0,0,0,0,92,16,2,0,0,0,0,110,32,3,0,0,0,0,109,16,4,0,0,0,0,108,32,5,0,0,0,0,90,16,6,0,0,0,0,70,32,7,0,0,0,0,)
92,8(72,16,0,0,0,0,0,73,32,1,0,0,0,0,93,16,2,0,0,0,0,111,32,3,0,0,0,0,110,16,4,0,0,0,0,109,32,5,0,0,0,0,91,16,6,0,0,0,0,71,32,7,0,0,0,0,)
93,8(73,16,0,0,0,0,0,74,32,1,0,0,0,0,94,16,2,0,0,0,0,112,32,3,0,0,0,0,111,16,4,0,0,0,0,110,32,5,0,0,0,0,92,16,6,0,0,0,0,72,32,7,0,0,0,0,)
94,8(74,16,0,0,0,0,0,75,32,1,0,0,0,0,95,16,2,0,0,0,0,113,32,3,0,0,0,0,112,16,4,0,0,0,0,111,32,5,0,0,0,0,93,16,6,0,0,0,0,73,32,7,0,0,0,0,)
95,8(75,16,0,0,0,0,0,76,32,1,0,0,0,0,96,16,2,0,0,0,0,114,32,3,0,0,0,0,113,16,4,0,0,0,0,112,32,5,0,0,0,0,94,16,6,0,0,0,0,74,32,7,0,0,0,0,)
96,8(76,16,0,0,0,0,0,77,32,1,0,0,0,0,97,16,2,0,0,0,0,115,32,3,0,0,0,0,114,16,4,0,0,0,0,113,32,5,0,0,0,0,95,16,6,0,0,0,0,75,32,7,0,0,0,0,)
97,8(77,16,0,0,0,0,0,78,32,1,0,0,0,0,98,16,2,0,0,0,0,116,32,3,0,0,0,0,115,16,4,0,0,0,0,114,32,5,0,0,0,0,96,16,6,0,0,0,0,76,32,7,0,0,0,0,)
98,8(78,16,0,0,0,0,0,79,32,1,0,0,0,0,99,16,2,0,0,0,0,117,32,3,0,0,0,0,116,16,4,0,0,0,0,115,32,5,0,0,0,0,97,16,6,0,0,0,0,77,32,7,0,0,0,0,)
99,8(79,16,0,0,0,0,0,80,32,1,0,0,0,0,100,16,2,0,0,0,0,118,32,3,0,0,0,0,117,16,4,0,0,0,0,116,32,5,0,0,0,0,98,16,6,0,0,0,0,78,32,7,0,0,0,0,)
100,5(80,16,0,0,0,0,0,118,16,4,0,0,0,0,117,32,5,0,0,0,0,99,16,6,0,0,0,0,79,32,7,0,0,0,0,)
101,5(81,16,0,0,0,0,0,82,32,1,0,0,0,0,102,16,2,0,0,0,0,120,32,3,0,0,0,0,119,16,4,0,0,0,0,)
102,5(82,16,0,0,0,0,0,120,16,4,0,0,0,0,119,32,5,0,0,0,0,101,16,6,0,0,0,0,81,32,7,0,0,0,0,)
103,8(83,16,0,0,0,0,0,84,32,1,0,0,0,0,104,16,2,0,0,0,0,122,32,3,0,0,0,0,121,16.0085,4,0,0,0,0,120,48.0427,5,0,0,0,0,102,32.0427,6,0,0,0,0,82,48.0427,7,0,0,0,0,)
104,7(84,16,0,0,0,0,0,85,32,1,0,0,0,0,105,144,2,0,0,0,0,122,16,4,0,0,0,0,121,32.0075,5,0,0,0,0,103,16,6,0,0,0,0,83,32,7,0,0,0,0,)
105,7(87,16,0,0,0,0,0,88,32,1,0,0,0,0,106,16,2,0,0,0,0,124,32,3,0,0,0,0,123,16,4,0,0,0,0,104,144,6,0,0,0,0,86,32,7,0,0,0,0,)
106,8(88,16,0,0,0,0,0,89,32,1,0,0,0,0,107,31.9197,2,0,0,0,0,125,32,3,0,0,0,0,124,16,4,0,0,0,0,123,32,5,0,0,0,0,105,16,6,0,0,0,0,87,32,7,0,0,0,0,)
107,2(108,16.0001,2,0,0,0,0,126,32.0001,3,0,0,0,0,)
108,6(90,16,0,0,0,0,0,91,32,1,0,0,0,0,109,16,2,0,0,0,0,127,32,3,0,0,0,0,126,16,4,0,0,0,0,107,16.0001,6,0,0,0,0,)
109,8(91,16,0,0,0,0,0,92,32,1,0,0,0,0,110,16,2,0,0,0,0,128,32,3,0,0,0,0,127,16,4,0,0,0,0,126,32,5,0,0,0,0,108,16,6,0,0,0,0,90,32,7,0,0,0,0,)
110,8(92,16,0,0,0,0,0,93,32,1,0,0,0,0,111,16,2,0,0,0,0,129,32.04,3,0,0,0,0,128,16,4,0,0,0,0,127,32,5,0,0,0,0,109,16,6,0,0,0,0,91,32,7,0,0,0,0,)
111,6(93,16,0,0,0,0,0,94,32,1,0,0,0,0,112,16,2,0,0,0,0,129,16.04,4,0,0,0,0,110,16,6,0,0,0,0,92,32,7,0,0,0,0,)
112,5(94,16,0,0,0,0,0,95,32,1,0,0,0,0,113,16,2,0,0,0,0,111,16,6,0,0,0,0,93,32,7,0,0,0,0,)
113,7(95,16,0,0,0,0,0,96,32,1,0,0,0,0,114,16,2,0,0,0,0,146,80,3,0,0,0,0,130,16.04,4,0,0,0,0,112,16,6,0,0,0,0,94,32,7,0,0,0,0,)
114,6(96,16,0,0,0,0,0,97,32,1,0,0,0,0,115,16,2,0,0,0,0,130,32.04,5,0,0,0,0,113,16,6,0,0,0,0,95,32,7,0,0,0,0,)
115,5(97,16,0,0,0,0,0,98,32,1,0,0,0,0,116,16,2,0,0,0,0,114,16,6,0,0,0,0,96,32,7,0,0,0,0,)
116,6(98,16,0,0,0,0,0,99,32,1,0,0,0,0,117,16,2,0,0,0,0,131,32,3,0,0,0,0,115,16,6,0,0,0,0,97,32,7,0,0,0,0,)
117,7(99,16,0,0,0,0,0,100,32,1,0,0,0,0,118,16,2,0,0,0,0,132,32,3,0,0,0,0,131,16,4,0,0,0,0,116,16,6,0,0,0,0,98,32,7,0,0,0,0,)
118,5(100,16,0,0,0,0,0,132,16,4,0,0,0,0,131,32,5,0,0,0,0,117,16,6,0,0,0,0,99,32,7,0,0,0,0,)
119,5(101,16,0,0,0,0,0,102,32,1,0,0,0,0,120,16,2,0,0,0,0,134,32,3,0,0,0,0,133,16,4,0,0,0,0,)
120,5(102,16,0,0,0,0,0,134,16,4,0,0,0,0,133,32,5,0,0,0,0,119,16,6,0,0,0,0,101,32,7,0,0,0,0,)
121,8(103,16.0085,0,0,0,0,0,104,32.0075,1,0,0,0,0,122,16.0075,2,0,0,0,0,136,32.0075,3,0,0,0,0,135,16.779,4,0,0,0,0,134,47.3126,5,0,0,0,0,120,31.3126,6,0,0,0,0,102,47.3126,7,0,0,0,0,)
122,5(104,16,0,0,0,0,0,136,16,4,0,0,0,0,135,32.9398,5,0,0,0,0,121,16.0075,6,0,0,0,0,103,32,7,0,0,0,0,)
123,5(105,16,0,0,0,0,0,106,32,1,0,0,0,0,124,16,2,0,0,0,0,138,32,3,0,0,0,0,137,16,4,0,0,0,0,)
124,8(106,16,0,0,0,0,0,107,47.9197,1,0,0,0,0,125,16,2,0,0,0,0,139,32,3,0,0,0,0,138,16,4,0,0,0,0,137,32,5,0,0,0,0,123,16,6,0,0,0,0,105,32,7,0,0,0,0,)
125,8(107,31.9197,0,0,0,0,0,108,48,1,0,0,0,0,126,32,2,0,0,0,0,140,48,3,0,0,0,0,139,16,4,0,0,0,0,138,32,5,0,0,0,0,124,16,6,0,0,0,0,106,32,7,0,0,0,0,)
126,6(108,16,0,0,0,0,0,109,32,1,0,0,0,0,127,16,2,0,0,0,0,141,32,3,0,0,0,0,140,16,4,0,0,0,0,107,32.0001,7,0,0,0,0,)
127,8(109,16,0,0,0,0,0,110,32,1,0,0,0,0,128,16,2,0,0,0,0,142,32,3,0,0,0,0,141,16,4,0,0,0,0,140,32,5,0,0,0,0,126,16,6,0,0,0,0,108,32,7,0,0,0,0,)
128,6(110,16,0,0,0,0,0,143,32,3,0,0,0,0,142,16,4,0,0,0,0,141,32,5,0,0,0,0,127,16,6,0,0,0,0,109,32,7,0,0,0,0,)
129,6(111,16.04,0,0,0,0,0,144,32.04,3,0,0,0,0,145,80.04,3,0,0,0,0,143,16.04,4,0,0,0,0,142,32.04,5,0,0,0,0,110,32.04,7,0,0,0,0,)
130,5(113,16.04,0,0,0,0,0,114,32.04,1,0,0,0,0,146,32.04,3,0,0,0,0,145,16.04,4,0,0,0,0,144,32.04,5,0,0,0,0,)
131,7(117,16,0,0,0,0,0,118,32,1,0,0,0,0,132,16,2,0,0,0,0,150,32,3,0,0,0,0,149,16,4,0,0,0,0,148,32,5,0,0,0,0,116,32,7,0,0,0,0,)
132,5(118,16,0,0,0,0,0,150,16,4,0,0,0,0,149,32,5,0,0,0,0,131,16,6,0,0,0,0,117,32,7,0,0,0,0,)
133,5(119,16,0,0,0,0,0,120,32,1,0,0,0,0,134,16,2,0,0,0,0,152,32,3,0,0,0,0,151,16,4,0,0,0,0,)
134,5(120,16,0,0,0,0,0,152,16,4,0,0,0,0,151,32,5,0,0,0,0,133,16,6,0,0,0,0,119,32,7,0,0,0,0,)
135,8(121,16.779,0,0,0,0,0,122,32.9398,1,0,0,0,0,136,16.9398,2,0,0,0,0,154,32.9398,3,0,0,0,0,153,16.779,4,0,0,0,0,152,41.1842,5,0,0,0,0,134,25.1842,6,0,0,0,0,120,41.1842,7,0,0,0,0,)
136,5(122,16,0,0,0,0,0,154,16,4,0,0,0,0,153,35.4301,5,0,0,0,0,135,16.9398,6,0,0,0,0,121,32.0075,7,0,0,0,0,)
137,5(123,16,0,0,0,0,0,124,32,1,0,0,0,0,138,16,2,0,0,0,0,156,32,3,0,0,0,0,155,16,4,0,0,0,0,)
138,8(124,16,0,0,0,0,0,125,32,1,0,0,0,0,139,16,2,0,0,0,0,157,32,3,0,0,0,0,156,16,4,0,0,0,0,155,32,5,0,0,0,0,137,16,6,0,0,0,0,123,32,7,0,0,0,0,)
139,8(125,16,0,0,0,0,0,126,48,1,0,0,0,0,140,32,2,0,0,0,0,158,48,3,0,0,0,0,157,16,4,0,0,0,0,156,32,5,0,0,0,0,138,16,6,0,0,0,0,124,32,7,0,0,0,0,)
140,5(126,16,0,0,0,0,0,127,32,1,0,0,0,0,141,16,2,0,0,0,0,159,32,3,0,0,0,0,158,16,4,0,0,0,0,)
141,8(127,16,0,0,0,0,0,128,32,1,0,0,0,0,142,16,2,0,0,0,0,160,32,3,0,0,0,0,159,16,4,0,0,0,0,158,32,5,0,0,0,0,140,16,6,0,0,0,0,126,32,7,0,0,0,0,)
142,8(128,16,0,0,0,0,0,129,32.04,1,0,0,0,0,143,16,2,0,0,0,0,161,32,3,0,0,0,0,160,16,4,0,0,0,0,159,32,5,0,0,0,0,141,16,6,0,0,0,0,127,32,7,0,0,0,0,)
143,7(129,16.04,0,0,0,0,0,144,16,2,0,0,0,0,162,32,3,0,0,0,0,161,16,4,0,0,0,0,160,32,5,0,0,0,0,142,16,6,0,0,0,0,128,32,7,0,0,0,0,)
144,7(130,32.04,1,0,0,0,0,145,16,2,0,0,0,0,163,32,3,0,0,0,0,162,16,4,0,0,0,0,161,32,5,0,0,0,0,143,16,6,0,0,0,0,129,32.04,7,0,0,0,0,)
145,7(130,16.04,0,0,0,0,0,146,16,2,0,0,0,0,164,32,3,0,0,0,0,163,16,4,0,0,0,0,162,32,5,0,0,0,0,144,16,6,0,0,0,0,129,80.04,7,0,0,0,0,)
146,7(147,16,2,0,0,0,0,165,32,3,0,0,0,0,164,16,4,0,0,0,0,163,32,5,0,0,0,0,145,16,6,0,0,0,0,130,32.04,7,0,0,0,0,113,80,7,0,0,0,0,)
147,5(148,16,2,0,0,0,0,166,32,3,0,0,0,0,165,16,4,0,0,0,0,164,32,5,0,0,0,0,146,16,6,0,0,0,0,)
148,6(131,32,1,0,0,0,0,149,16,2,0,0,0,0,167,32,3,0,0,0,0,166,16,4,0,0,0,0,165,32,5,0,0,0,0,147,16,6,0,0,0,0,)
149,7(131,16,0,0,0,0,0,132,32,1,0,0,0,0,150,16,2,0,0,0,0,168,32,3,0,0,0,0,167,16,4,0,0,0,0,166,32,5,0,0,0,0,148,16,6,0,0,0,0,)
150,5(132,16,0,0,0,0,0,168,16,4,0,0,0,0,167,32,5,0,0,0,0,149,16,6,0,0,0,0,131,32,7,0,0,0,0,)
151,5(133,16,0,0,0,0,0,134,32,1,0,0,0,0,152,16,2,0,0,0,0,170,32,3,0,0,0,0,169,16,4,0,0,0,0,)
152,5(134,16,0,0,0,0,0,170,16,4,0,0,0,0,169,32,5,0,0,0,0,151,16,6,0,0,0,0,133,32,7,0,0,0,0,)
153,5(135,16.779,0,0,0,0,0,171,16.7882,4,0,0,0,0,170,36.6137,5,0,0,0,0,152,20.6137,6,0,0,0,0,134,36.6137,7,0,0,0,0,)
154,6(136,16,0,0,0,0,0,173,32,3,0,0,0,0,172,16,4,0,0,0,0,171,39.5066,5,0,0,0,0,153,19.4301,6,0,0,0,0,135,32.9398,7,0,0,0,0,)
155,6(137,16,0,0,0,0,0,138,32,1,0,0,0,0,156,16,2,0,0,0,0,176,32.6049,3,0,0,0,0,175,16.0002,4,0,0,0,0,174,32,5,0,0,0,0,)
156,8(138,16,0,0,0,0,0,139,32,1,0,0,0,0,157,16,2,0,0,0,0,177,32.6049,3,0,0,0,0,176,16.6049,4,0,0,0,0,175,32.0002,5,0,0,0,0,155,16,6,0,0,0,0,137,32,7,0,0,0,0,)
157,8(139,16,0,0,0,0,0,140,48,1,0,0,0,0,158,32,2,0,0,0,0,178,48,3,0,0,0,0,177,16.6049,4,0,0,0,0,176,32.6049,5,0,0,0,0,156,16,6,0,0,0,0,138,32,7,0,0,0,0,)
158,5(140,16,0,0,0,0,0,141,32,1,0,0,0,0,159,16,2,0,0,0,0,179,32,3,0,0,0,0,178,16,4,0,0,0,0,)
159,8(141,16,0,0,0,0,0,142,32,1,0,0,0,0,160,16,2,0,0,0,0,180,32,3,0,0,0,0,179,16,4,0,0,0,0,178,32,5,0,0,0,0,158,16,6,0,0,0,0,140,32,7,0,0,0,0,)
160,8(142,16,0,0,0,0,0,143,32,1,0,0,0,0,161,16,2,0,0,0,0,181,32,3,0,0,0,0,180,16,4,0,0,0,0,179,32,5,0,0,0,0,159,16,6,0,0,0,0,141,32,7,0,0,0,0,)
161,8(143,16,0,0,0,0,0,144,32,1,0,0,0,0,162,16,2,0,0,0,0,182,32,3,0,0,0,0,181,16,4,0,0,0,0,180,32,5,0,0,0,0,160,16,6,0,0,0,0,142,32,7,0,0,0,0,)
162,8(144,16,0,0,0,0,0,145,32,1,0,0,0,0,163,16,2,0,0,0,0,183,32,3,0,0,0,0,182,16,4,0,0,0,0,181,32,5,0,0,0,0,161,16,6,0,0,0,0,143,32,7,0,0,0,0,)
163,8(145,16,0,0,0,0,0,146,32,1,0,0,0,0,164,16,2,0,0,0,0,184,32,3,0,0,0,0,183,16,4,0,0,0,0,182,32,5,0,0,0,0,162,16,6,0,0,0,0,144,32,7,0,0,0,0,)
164,8(146,16,0,0,0,0,0,147,32,1,0,0,0,0,165,16,2,0,0,0,0,185,32,3,0,0,0,0,184,16,4,0,0,0,0,183,32,5,0,0,0,0,163,16,6,0,0,0,0,145,32,7,0,0,0,0,)
165,8(147,16,0,0,0,0,0,148,32,1,0,0,0,0,166,16,2,0,0,0,0,186,32,3,0,0,0,0,185,16,4,0,0,0,0,184,32,5,0,0,0,0,164,16,6,0,0,0,0,146,32,7,0,0,0,0,)
166,8(148,16,0,0,0,0,0,149,32,1,0,0,0,0,167,16,2,0,0,0,0,187,32,3,0,0,0,0,186,16,4,0,0,0,0,185,32,5,0,0,0,0,165,16,6,0,0,0,0,147,32,7,0,0,0,0,)
167,8(149,16,0,0,0,0,0,150,32,1,0,0,0,0,168,16,2,0,0,0,0,188,32,3,0,0,0,0,187,16,4,0,0,0,0,186,32,5,0,0,0,0,166,16,6,0,0,0,0,148,32,7,0,0,0,0,)
168,5(150,16,0,0,0,0,0,188,16,4,0,0,0,0,187,32,5,0,0,0,0,167,16,6,0,0,0,0,149,32,7,0,0,0,0,)
169,5(151,16,0,0,0,0,0,152,32,1,0,0,0,0,170,16,2,0,0,0,0,190,32,3,0,0,0,0,189,16,4,0,0,0,0,)
170,6(152,16,0,0,0,0,0,191,32.1334,3,0,0,0,0,190,16,4,0,0,0,0,189,32,5,0,0,0,0,169,16,6,0,0,0,0,151,32,7,0,0,0,0,)
171,5(153,16.7882,0,0,0,0,0,191,16.801,4,0,0,0,0,190,33.588,5,0,0,0,0,170,17.588,6,0,0,0,0,152,33.588,7,0,0,0,0,)
172,7(154,16,0,0,0,0,0,173,16,2,0,0,0,0,193,32,3,0,0,0,0,192,16,4,0,0,0,0,191,45.2119,5,0,0,0,0,171,23.5066,6,0,0,0,0,153,35.4301,7,0,0,0,0,)
173,6(174,16,2,0,0,0,0,194,32,3,0,0,0,0,193,16,4,0,0,0,0,192,32,5,0,0,0,0,172,16,6,0,0,0,0,154,32,7,0,0,0,0,)
174,6(155,32,1,0,0,0,0,175,16.0002,2,0,0,0,0,195,32.0002,3,0,0,0,0,194,16,4,0,0,0,0,193,32,5,0,0,0,0,173,16,6,0,0,0,0,)
175,7(155,16.0002,0,0,0,0,0,156,32.0002,1,0,0,0,0,176,16.5844,2,0,0,0,0,196,32.7282,3,0,0,0,0,195,16,4,0,0,0,0,194,32.0002,5,0,0,0,0,174,16.0002,6,0,0,0,0,)
176,8(156,16.6049,0,0,0,0,0,157,32.6049,1,0,0,0,0,177,16,2,0,0,0,0,197,32.5216,3,0,0,0,0,196,16.0079,4,0,0,0,0,195,32.5844,5,0,0,0,0,175,16.5844,6,0,0,0,0,155,32.6049,7,0,0,0,0,)
177,8(157,16.6049,0,0,0,0,0,158,54.8272,1,0,0,0,0,178,38.8272,2,0,0,0,0,198,54.8272,3,0,0,0,0,197,16.5216,4,0,0,0,0,196,32.0079,5,0,0,0,0,176,16,6,0,0,0,0,156,32.6049,7,0,0,0,0,)
178,5(158,16,0,0,0,0,0,159,32,1,0,0,0,0,179,16,2,0,0,0,0,199,32,3,0,0,0,0,198,16,4,0,0,0,0,)
179,8(159,16,0,0,0,0,0,160,32,1,0,0,0,0,180,16,2,0,0,0,0,200,32,3,0,0,0,0,199,16,4,0,0,0,0,198,32,5,0,0,0,0,178,16,6,0,0,0,0,158,32,7,0,0,0,0,)
180,8(160,16,0,0,0,0,0,161,32,1,0,0,0,0,181,16,2,0,0,0,0,201,32,3,0,0,0,0,200,16,4,0,0,0,0,199,32,5,0,0,0,0,179,16,6,0,0,0,0,159,32,7,0,0,0,0,)
181,8(161,16,0,0,0,0,0,162,32,1,0,0,0,0,182,16,2,0,0,0,0,202,32,3,0,0,0,0,201,16,4,0,0,0,0,200,32,5,0,0,0,0,180,16,6,0,0,0,0,160,32,7,0,0,0,0,)
182,8(162,16,0,0,0,0,0,163,32,1,0,0,0,0,183,16,2,0,0,0,0,203,32,3,0,0,0,0,202,16,4,0,0,0,0,201,32,5,0,0,0,0,181,16,6,0,0,0,0,161,32,7,0,0,0,0,)
183,7(163,16,0,0,0,0,0,164,32,1,0,0,0,0,184,16,2,0,0,0,0,203,16,4,0,0,0,0,202,32,5,0,0,0,0,182,16,6,0,0,0,0,162,32,7,0,0,0,0,)
184,6(164,16,0,0,0,0,0,165,32,1,0,0,0,0,185,16,2,0,0,0,0,203,32,5,0,0,0,0,183,16,6,0,0,0,0,163,32,7,0,0,0,0,)
185,5(165,16,0,0,0,0,0,166,32,1,0,0,0,0,186,16,2,0,0,0,0,184,16,6,0,0,0,0,164,32,7,0,0,0,0,)
186,5(166,16,0,0,0,0,0,167,32,1,0,0,0,0,187,16,2,0,0,0,0,185,16,6,0,0,0,0,165,32,7,0,0,0,0,)
187,7(167,16,0,0,0,0,0,168,32,1,0,0,0,0,188,16,2,0,0,0,0,208,32,3,0,0,0,0,207,16,4,0,0,0,0,186,16,6,0,0,0,0,166,32,7,0,0,0,0,)
188,5(168,16,0,0,0,0,0,208,16,4,0,0,0,0,207,32,5,0,0,0,0,187,16,6,0,0,0,0,167,32,7,0,0,0,0,)
189,5(169,16,0,0,0,0,0,170,32,1,0,0,0,0,190,16,2,0,0,0,0,210,32,3,0,0,0,0,209,16,4,0,0,0,0,)
190,7(170,16,0,0,0,0,0,191,16.1334,2,0,0,0,0,211,32,3,0,0,0,0,210,16,4,0,0,0,0,209,32,5,0,0,0,0,189,16,6,0,0,0,0,169,32,7,0,0,0,0,)
191,6(171,16.801,0,0,0,0,0,212,32.1334,3,0,0,0,0,211,16.1334,4,0,0,0,0,210,32.1334,5,0,0,0,0,190,16.1334,6,0,0,0,0,170,32.1334,7,0,0,0,0,)
192,8(172,16,0,0,0,0,0,173,32,1,0,0,0,0,193,16,2,0,0,0,0,213,48,3,0,0,0,0,212,32,4,0,0,0,0,211,48,5,0,0,0,0,191,29.2119,6,0,0,0,0,171,39.5066,7,0,0,0,0,)
193,8(173,16,0,0,0,0,0,174,32,1,0,0,0,0,194,16,2,0,0,0,0,214,48,3,0,0,0,0,213,32,4,0,0,0,0,212,48,5,0,0,0,0,192,16,6,0,0,0,0,172,32,7,0,0,0,0,)
194,8(174,16,0,0,0,0,0,175,32.0002,1,0,0,0,0,195,16.0002,2,0,0,0,0,215,48,3,0,0,0,0,214,32,4,0,0,0,0,213,48,5,0,0,0,0,193,16,6,0,0,0,0,173,32,7,0,0,0,0,)
195,8(175,16,0,0,0,0,0,176,32.5844,1,0,0,0,0,196,16.7282,2,0,0,0,0,216,48.1068,3,0,0,0,0,215,32.1068,4,0,0,0,0,214,48.1068,5,0,0,0,0,194,16.0002,6,0,0,0,0,174,32.0002,7,0,0,0,0,)
196,8(176,16.0079,0,0,0,0,0,177,32.0079,1,0,0,0,0,197,16.4011,2,0,0,0,0,217,55.6844,3,0,0,0,0,216,39.6844,4,0,0,0,0,215,55.6844,5,0,0,0,0,195,16.7282,6,0,0,0,0,175,32.7282,7,0,0,0,0,)
197,8(177,16.5216,0,0,0,0,0,178,62.25,1,0,0,0,0,198,46.25,2,0,0,0,0,218,32,3,0,0,0,0,217,46.25,4,0,0,0,0,216,62.25,5,0,0,0,0,196,16.4011,6,0,0,0,0,176,32.5216,7,0,0,0,0,)
198,6(178,16,0,0,0,0,0,179,32,1,0,0,0,0,199,16,2,0,0,0,0,219,32,3,0,0,0,0,440,16,4,0,0,0,0,217,32,5,0,0,0,0,)
199,7(179,16,0,0,0,0,0,180,32,1,0,0,0,0,200,16,2,0,0,0,0,220,32,3,0,0,0,0,219,16,4,0,0,0,0,198,16,6,0,0,0,0,178,32,7,0,0,0,0,)
200,8(180,16,0,0,0,0,0,181,32,1,0,0,0,0,201,16,2,0,0,0,0,221,32,3,0,0,0,0,220,16,4,0,0,0,0,219,32,5,0,0,0,0,199,16,6,0,0,0,0,179,32,7,0,0,0,0,)
201,8(181,16,0,0,0,0,0,182,32,1,0,0,0,0,202,16,2,0,0,0,0,222,32,3,0,0,0,0,221,16,4,0,0,0,0,220,32,5,0,0,0,0,200,16,6,0,0,0,0,180,32,7,0,0,0,0,)
202,8(182,16,0,0,0,0,0,183,32,1,0,0,0,0,203,16,2,0,0,0,0,223,32.0001,3,0,0,0,0,222,16,4,0,0,0,0,221,32,5,0,0,0,0,201,16,6,0,0,0,0,181,32,7,0,0,0,0,)
203,8(183,16,0,0,0,0,0,184,32,1,0,0,0,0,204,16,2,0,0,0,0,224,32.0001,3,0,0,0,0,223,16.0001,4,0,0,0,0,222,32,5,0,0,0,0,202,16,6,0,0,0,0,182,32,7,0,0,0,0,)
204,5(205,16,2,0,0,0,0,225,32.0001,3,0,0,0,0,224,16.0001,4,0,0,0,0,223,32.0001,5,0,0,0,0,203,16,6,0,0,0,0,)
205,5(206,16,2,0,0,0,0,226,32.0001,3,0,0,0,0,225,16.0001,4,0,0,0,0,224,32.0001,5,0,0,0,0,204,16,6,0,0,0,0,)
206,5(207,16,2,0,0,0,0,227,32,3,0,0,0,0,226,16.0001,4,0,0,0,0,225,32.0001,5,0,0,0,0,205,16,6,0,0,0,0,)
207,7(187,16,0,0,0,0,0,188,32,1,0,0,0,0,208,16,2,0,0,0,0,228,32,3,0,0,0,0,227,16,4,0,0,0,0,226,32.0001,5,0,0,0,0,206,16,6,0,0,0,0,)
208,5(188,16,0,0,0,0,0,228,16,4,0,0,0,0,227,32,5,0,0,0,0,207,16,6,0,0,0,0,187,32,7,0,0,0,0,)
209,5(189,16,0,0,0,0,0,190,32,1,0,0,0,0,210,16,2,0,0,0,0,230,32,3,0,0,0,0,229,16,4,0,0,0,0,)
210,8(190,16,0,0,0,0,0,191,32.1334,1,0,0,0,0,211,16,2,0,0,0,0,231,32,3,0,0,0,0,230,16,4,0,0,0,0,229,32,5,0,0,0,0,209,16,6,0,0,0,0,189,32,7,0,0,0,0,)
211,7(191,16.1334,0,0,0,0,0,212,16,2,0,0,0,0,232,32,3,0,0,0,0,231,16,4,0,0,0,0,230,32,5,0,0,0,0,210,16,6,0,0,0,0,190,32,7,0,0,0,0,)
212,6(213,16,2,0,0,0,0,233,32,3,0,0,0,0,232,16,4,0,0,0,0,231,32,5,0,0,0,0,211,16,6,0,0,0,0,191,32.1334,7,0,0,0,0,)
213,5(214,16,2,0,0,0,0,234,32,3,0,0,0,0,233,16,4,0,0,0,0,232,32,5,0,0,0,0,212,16,6,0,0,0,0,)
214,5(215,16,2,0,0,0,0,235,32,3,0,0,0,0,234,16,4,0,0,0,0,233,32,5,0,0,0,0,213,16,6,0,0,0,0,)
215,5(216,16,2,0,0,0,0,236,32,3,0,0,0,0,235,16,4,0,0,0,0,234,32,5,0,0,0,0,214,16,6,0,0,0,0,)
216,5(217,16,2,0,0,0,0,237,32,3,0,0,0,0,236,16,4,0,0,0,0,235,32,5,0,0,0,0,215,16,6,0,0,0,0,)
217,6(198,32,1,0,0,0,0,440,16,2,0,0,0,0,238,32,3,0,0,0,0,237,16,4,0,0,0,0,236,32,5,0,0,0,0,216,16,6,0,0,0,0,)
218,8(198,46.25,0,0,0,0,0,199,62.25,1,0,0,0,0,219,46.25,2,0,0,0,0,239,32,3,0,0,0,0,238,46.25,4,0,0,0,0,237,62.25,5,0,0,0,0,217,46.25,6,0,0,0,0,197,32,7,0,0,0,0,)
219,8(199,16,0,0,0,0,0,200,32,1,0,0,0,0,220,16,2,0,0,0,0,240,32,3,0,0,0,0,441,16,4,0,0,0,0,238,32,5,0,0,0,0,440,16,6,0,0,0,0,198,32,7,0,0,0,0,)
220,7(200,16,0,0,0,0,0,201,32,1,0,0,0,0,221,16,2,0,0,0,0,241,32,3,0,0,0,0,240,16,4,0,0,0,0,219,16,6,0,0,0,0,199,32,7,0,0,0,0,)
221,8(201,16,0,0,0,0,0,202,32,1,0,0,0,0,222,16,2,0,0,0,0,242,32,3,0,0,0,0,241,16,4,0,0,0,0,240,32,5,0,0,0,0,220,16,6,0,0,0,0,200,32,7,0,0,0,0,)
222,8(202,16,0,0,0,0,0,203,32,1,0,0,0,0,223,16.0001,2,0,0,0,0,243,32.0001,3,0,0,0,0,242,16,4,0,0,0,0,241,32,5,0,0,0,0,221,16,6,0,0,0,0,201,32,7,0,0,0,0,)
223,8(203,16.0001,0,0,0,0,0,204,32.0001,1,0,0,0,0,224,16,2,0,0,0,0,244,32.0001,3,0,0,0,0,243,16,4,0,0,0,0,242,32.0001,5,0,0,0,0,222,16.0001,6,0,0,0,0,202,32.0001,7,0,0,0,0,)
224,8(204,16.0001,0,0,0,0,0,205,32.0001,1,0,0,0,0,225,16,2,0,0,0,0,245,32.0004,3,0,0,0,0,244,16.0001,4,0,0,0,0,243,32,5,0,0,0,0,223,16,6,0,0,0,0,203,32.0001,7,0,0,0,0,)
225,8(205,16.0001,0,0,0,0,0,206,32.0001,1,0,0,0,0,226,16,2,0,0,0,0,246,32.0002,3,0,0,0,0,245,16.0004,4,0,0,0,0,244,32.0001,5,0,0,0,0,224,16,6,0,0,0,0,204,32.0001,7,0,0,0,0,)
226,8(206,16.0001,0,0,0,0,0,207,32.0001,1,0,0,0,0,227,16.0001,2,0,0,0,0,247,32.0001,3,0,0,0,0,246,16.0002,4,0,0,0,0,245,32.0004,5,0,0,0,0,225,16,6,0,0,0,0,205,32.0001,7,0,0,0,0,)
227,8(207,16,0,0,0,0,0,208,32,1,0,0,0,0,228,16,2,0,0,0,0,248,32,3,0,0,0,0,247,16,4,0,0,0,0,246,32.0006,5,0,0,0,0,226,16.0001,6,0,0,0,0,206,32,7,0,0,0,0,)
228,5(208,16,0,0,0,0,0,248,16,4,0,0,0,0,247,32,5,0,0,0,0,227,16,6,0,0,0,0,207,32,7,0,0,0,0,)
229,5(209,16,0,0,0,0,0,210,32,1,0,0,0,0,230,16,2,0,0,0,0,250,32,3,0,0,0,0,249,16,4,0,0,0,0,)
230,8(210,16,0,0,0,0,0,211,32,1,0,0,0,0,231,16,2,0,0,0,0,251,32,3,0,0,0,0,250,16,4,0,0,0,0,249,32,5,0,0,0,0,229,16,6,0,0,0,0,209,32,7,0,0,0,0,)
231,8(211,16,0,0,0,0,0,212,32,1,0,0,0,0,232,16,2,0,0,0,0,252,32,3,0,0,0,0,251,16,4,0,0,0,0,250,32,5,0,0,0,0,230,16,6,0,0,0,0,210,32,7,0,0,0,0,)
232,8(212,16,0,0,0,0,0,213,32,1,0,0,0,0,233,16,2,0,0,0,0,253,32.1111,3,0,0,0,0,252,16,4,0,0,0,0,251,32,5,0,0,0,0,231,16,6,0,0,0,0,211,32,7,0,0,0,0,)
233,8(213,16,0,0,0,0,0,214,32,1,0,0,0,0,234,16,2,0,0,0,0,254,32.03,3,0,0,0,0,253,16.1111,4,0,0,0,0,252,32,5,0,0,0,0,232,16,6,0,0,0,0,212,32,7,0,0,0,0,)
234,8(214,16,0,0,0,0,0,215,32,1,0,0,0,0,235,16,2,0,0,0,0,255,32,3,0,0,0,0,254,16.03,4,0,0,0,0,253,32.1111,5,0,0,0,0,233,16,6,0,0,0,0,213,32,7,0,0,0,0,)
235,8(215,16,0,0,0,0,0,216,32,1,0,0,0,0,236,16,2,0,0,0,0,256,32,3,0,0,0,0,255,16,4,0,0,0,0,254,32.03,5,0,0,0,0,234,16,6,0,0,0,0,214,32,7,0,0,0,0,)
236,8(216,16,0,0,0,0,0,217,32,1,0,0,0,0,237,16,2,0,0,0,0,257,32,3,0,0,0,0,256,16,4,0,0,0,0,255,32,5,0,0,0,0,235,16,6,0,0,0,0,215,32,7,0,0,0,0,)
237,7(217,16,0,0,0,0,0,238,16,2,0,0,0,0,258,32,3,0,0,0,0,257,16,4,0,0,0,0,256,32,5,0,0,0,0,236,16,6,0,0,0,0,216,32,7,0,0,0,0,)
238,8(440,16,0,0,0,0,0,219,32,1,0,0,0,0,441,16,2,0,0,0,0,259,32,3,0,0,0,0,258,16,4,0,0,0,0,257,32,5,0,0,0,0,237,16,6,0,0,0,0,217,32,7,0,0,0,0,)
239,8(219,46.25,0,0,0,0,0,220,62.25,1,0,0,0,0,240,46.25,2,0,0,0,0,260,32,3,0,0,0,0,259,46.25,4,0,0,0,0,258,62.25,5,0,0,0,0,238,46.25,6,0,0,0,0,218,32,7,0,0,0,0,)
240,6(220,16,0,0,0,0,0,221,32,1,0,0,0,0,241,16,2,0,0,0,0,259,32,5,0,0,0,0,441,16,6,0,0,0,0,219,32,7,0,0,0,0,)
241,5(221,16,0,0,0,0,0,222,32,1,0,0,0,0,242,16,2,0,0,0,0,240,16,6,0,0,0,0,220,32,7,0,0,0,0,)
242,5(222,16,0,0,0,0,0,223,32.0001,1,0,0,0,0,243,16.0001,2,0,0,0,0,241,16,6,0,0,0,0,221,32,7,0,0,0,0,)
243,5(223,16,0,0,0,0,0,224,32,1,0,0,0,0,244,16.0001,2,0,0,0,0,242,16.0001,6,0,0,0,0,222,32.0001,7,0,0,0,0,)
244,5(224,16.0001,0,0,0,0,0,225,32.0001,1,0,0,0,0,245,16,2,0,0,0,0,243,16.0001,6,0,0,0,0,223,32.0001,7,0,0,0,0,)
245,6(225,16.0004,0,0,0,0,0,226,32.0004,1,0,0,0,0,246,16,2,0,0,0,0,266,32.1114,3,0,0,0,0,244,16,6,0,0,0,0,224,32.0004,7,0,0,0,0,)
246,7(226,16.0002,0,0,0,0,0,227,32.0006,1,0,0,0,0,247,16.0006,2,0,0,0,0,267,32.0006,3,0,0,0,0,266,16.1151,4,0,0,0,0,245,16,6,0,0,0,0,225,32.0002,7,0,0,0,0,)
247,8(227,16,0,0,0,0,0,228,32,1,0,0,0,0,248,16,2,0,0,0,0,268,32,3,0,0,0,0,267,16,4,0,0,0,0,266,32.1329,5,0,0,0,0,246,16.0006,6,0,0,0,0,226,32.0001,7,0,0,0,0,)
248,5(228,16,0,0,0,0,0,268,16,4,0,0,0,0,267,32,5,0,0,0,0,247,16,6,0,0,0,0,227,32,7,0,0,0,0,)
249,5(229,16,0,0,0,0,0,230,32,1,0,0,0,0,250,16,2,0,0,0,0,270,32,3,0,0,0,0,269,16,4,0,0,0,0,)
250,7(230,16,0,0,0,0,0,231,32,1,0,0,0,0,251,16,2,0,0,0,0,270,16,4,0,0,0,0,269,32,5,0,0,0,0,249,16,6,0,0,0,0,229,32,7,0,0,0,0,)
251,6(231,16,0,0,0,0,0,232,32,1,0,0,0,0,252,16,2,0,0,0,0,270,32,5,0,0,0,0,250,16,6,0,0,0,0,230,32,7,0,0,0,0,)
252,6(232,16,0,0,0,0,0,233,32,1,0,0,0,0,253,16.1111,2,0,0,0,0,271,33.0034,3,0,0,0,0,251,16,6,0,0,0,0,231,32,7,0,0,0,0,)
253,7(233,16.1111,0,0,0,0,0,234,32.1111,1,0,0,0,0,254,16.0256,2,0,0,0,0,272,32.4467,3,0,0,0,0,271,16.4467,4,0,0,0,0,252,16.1111,6,0,0,0,0,232,32.1111,7,0,0,0,0,)
254,7(234,16.03,0,0,0,0,0,235,32.03,1,0,0,0,0,255,16.03,2,0,0,0,0,272,16.6862,4,0,0,0,0,271,32.6862,5,0,0,0,0,253,16.0256,6,0,0,0,0,233,32.03,7,0,0,0,0,)
255,7(235,16,0,0,0,0,0,236,32,1,0,0,0,0,256,16,2,0,0,0,0,273,32.0178,3,0,0,0,0,272,33.0034,5,0,0,0,0,254,16.03,6,0,0,0,0,234,32,7,0,0,0,0,)
256,7(236,16,0,0,0,0,0,237,32,1,0,0,0,0,257,16,2,0,0,0,0,274,32,3,0,0,0,0,273,16.0178,4,0,0,0,0,255,16,6,0,0,0,0,235,32,7,0,0,0,0,)
257,8(237,16,0,0,0,0,0,238,32,1,0,0,0,0,258,16,2,0,0,0,0,275,32,3,0,0,0,0,274,16,4,0,0,0,0,273,32.0178,5,0,0,0,0,256,16,6,0,0,0,0,236,32,7,0,0,0,0,)
258,7(238,16,0,0,0,0,0,259,16,2,0,0,0,0,276,32,3,0,0,0,0,275,16,4,0,0,0,0,274,32,5,0,0,0,0,257,16,6,0,0,0,0,237,32,7,0,0,0,0,)
259,6(441,16,0,0,0,0,0,240,32,1,0,0,0,0,276,16,4,0,0,0,0,275,32,5,0,0,0,0,258,16,6,0,0,0,0,238,32,7,0,0,0,0,)
260,8(240,46.25,0,0,0,0,0,241,62.25,1,0,0,0,0,261,16.4011,2,0,0,0,0,278,32.5216,3,0,0,0,0,277,16.5216,4,0,0,0,0,276,62.25,5,0,0,0,0,259,46.25,6,0,0,0,0,239,32,7,0,0,0,0,)
261,8(241,39.6844,0,0,0,0,0,242,55.6844,1,0,0,0,0,262,16.7282,2,0,0,0,0,279,32.7282,3,0,0,0,0,278,16.0079,4,0,0,0,0,277,32.0079,5,0,0,0,0,260,16.4011,6,0,0,0,0,240,55.6844,7,0,0,0,0,)
262,8(242,32.1068,0,0,0,0,0,243,48.0116,1,0,0,0,0,263,16.0002,2,0,0,0,0,280,32.0002,3,0,0,0,0,279,16,4,0,0,0,0,278,32.5844,5,0,0,0,0,261,16.7282,6,0,0,0,0,241,48.1068,7,0,0,0,0,)
263,8(243,31.905,0,0,0,0,0,244,47.8089,1,0,0,0,0,264,16,2,0,0,0,0,281,32,3,0,0,0,0,280,16,4,0,0,0,0,279,32.0002,5,0,0,0,0,262,16.0002,6,0,0,0,0,242,48,7,0,0,0,0,)
264,8(244,31.8089,0,0,0,0,0,245,47.7546,1,0,0,0,0,265,16,2,0,0,0,0,282,32,3,0,0,0,0,281,16,4,0,0,0,0,280,32,5,0,0,0,0,263,16,6,0,0,0,0,243,47.905,7,0,0,0,0,)
265,8(245,31.7546,0,0,0,0,0,246,47.7974,1,0,0,0,0,266,29.216,2,0,0,0,0,283,39.5432,3,0,0,0,0,282,16,4,0,0,0,0,281,32,5,0,0,0,0,264,16,6,0,0,0,0,244,47.8089,7,0,0,0,0,)
266,6(246,16.1151,0,0,0,0,0,247,32.1329,1,0,0,0,0,267,16.1329,2,0,0,0,0,284,32.1329,3,0,0,0,0,283,16.7901,4,0,0,0,0,245,32.1114,7,0,0,0,0,)
267,7(247,16,0,0,0,0,0,248,32,1,0,0,0,0,268,16,2,0,0,0,0,285,32,3,0,0,0,0,284,16,4,0,0,0,0,266,16.1329,6,0,0,0,0,246,32.0006,7,0,0,0,0,)
268,5(248,16,0,0,0,0,0,285,16,4,0,0,0,0,284,32,5,0,0,0,0,267,16,6,0,0,0,0,247,32,7,0,0,0,0,)
269,5(249,16,0,0,0,0,0,250,32,1,0,0,0,0,270,16,2,0,0,0,0,287,32,3,0,0,0,0,286,16,4,0,0,0,0,)
270,6(250,16,0,0,0,0,0,251,32,1,0,0,0,0,287,16,4,0,0,0,0,286,32,5,0,0,0,0,269,16,6,0,0,0,0,249,32,7,0,0,0,0,)
271,7(253,16.4467,0,0,0,0,0,254,32.6862,1,0,0,0,0,272,16,2,0,0,0,0,289,32,3,0,0,0,0,288,16.0132,4,0,0,0,0,270,145.003,6,0,0,0,0,252,33.0034,7,0,0,0,0,)
272,6(254,16.6862,0,0,0,0,0,255,33.0034,1,0,0,0,0,289,16,4,0,0,0,0,288,32.0132,5,0,0,0,0,271,16,6,0,0,0,0,253,32.4467,7,0,0,0,0,)
273,6(256,16.0178,0,0,0,0,0,257,32.0178,1,0,0,0,0,274,16.0178,2,0,0,0,0,291,32.0178,3,0,0,0,0,290,16,4,0,0,0,0,255,32.0178,7,0,0,0,0,)
274,8(257,16,0,0,0,0,0,258,32,1,0,0,0,0,275,16,2,0,0,0,0,292,32,3,0,0,0,0,291,16,4,0,0,0,0,290,32.0178,5,0,0,0,0,273,16.0178,6,0,0,0,0,256,32,7,0,0,0,0,)
275,8(258,16,0,0,0,0,0,259,32,1,0,0,0,0,276,16,2,0,0,0,0,293,32,3,0,0,0,0,292,16,4,0,0,0,0,291,32,5,0,0,0,0,274,16,6,0,0,0,0,257,32,7,0,0,0,0,)
276,5(259,16,0,0,0,0,0,293,16,4,0,0,0,0,292,32,5,0,0,0,0,275,16,6,0,0,0,0,258,32,7,0,0,0,0,)
277,8(260,16.5216,0,0,0,0,0,261,32.0079,1,0,0,0,0,278,16,2,0,0,0,0,295,32.6049,3,0,0,0,0,294,16.6049,4,0,0,0,0,293,54.8272,5,0,0,0,0,276,38.8272,6,0,0,0,0,259,54.8272,7,0,0,0,0,)
278,8(261,16.0079,0,0,0,0,0,262,32.5844,1,0,0,0,0,279,16.5844,2,0,0,0,0,296,32.6049,3,0,0,0,0,295,16.6049,4,0,0,0,0,294,32.6049,5,0,0,0,0,277,16,6,0,0,0,0,260,32.5216,7,0,0,0,0,)
279,7(262,16,0,0,0,0,0,263,32.0002,1,0,0,0,0,280,16.0002,2,0,0,0,0,296,16.0002,4,0,0,0,0,295,32.0002,5,0,0,0,0,278,16.5844,6,0,0,0,0,261,32.7282,7,0,0,0,0,)
280,6(263,16,0,0,0,0,0,264,32,1,0,0,0,0,281,16,2,0,0,0,0,296,32,5,0,0,0,0,279,16.0002,6,0,0,0,0,262,32.0002,7,0,0,0,0,)
281,5(264,16,0,0,0,0,0,265,32,1,0,0,0,0,282,16,2,0,0,0,0,280,16,6,0,0,0,0,263,32,7,0,0,0,0,)
282,6(265,16,0,0,0,0,0,266,45.216,1,0,0,0,0,283,23.5432,2,0,0,0,0,297,35.4755,3,0,0,0,0,281,16,6,0,0,0,0,264,32,7,0,0,0,0,)
283,5(266,16.7901,0,0,0,0,0,267,33.5713,1,0,0,0,0,284,17.5713,2,0,0,0,0,298,33.5713,3,0,0,0,0,297,16.7783,4,0,0,0,0,)
284,6(267,16,0,0,0,0,0,268,32,1,0,0,0,0,285,16,2,0,0,0,0,299,32,3,0,0,0,0,298,16,4,0,0,0,0,266,32.1329,7,0,0,0,0,)
285,5(268,16,0,0,0,0,0,299,16,4,0,0,0,0,298,32,5,0,0,0,0,284,16,6,0,0,0,0,267,32,7,0,0,0,0,)
286,5(269,16,0,0,0,0,0,270,32,1,0,0,0,0,287,16,2,0,0,0,0,301,32,3,0,0,0,0,300,16,4,0,0,0,0,)
287,5(270,16,0,0,0,0,0,301,16,4,0,0,0,0,300,32,5,0,0,0,0,286,16,6,0,0,0,0,269,32,7,0,0,0,0,)
288,5(271,16.0132,0,0,0,0,0,272,32.0132,1,0,0,0,0,289,16.0142,2,0,0,0,0,303,32.0128,3,0,0,0,0,302,16.7866,4,0,0,0,0,)
289,5(272,16,0,0,0,0,0,303,16,4,0,0,0,0,302,33.0122,5,0,0,0,0,288,16.0142,6,0,0,0,0,271,32,7,0,0,0,0,)
290,5(273,16,0,0,0,0,0,274,32.0178,1,0,0,0,0,291,16.0178,2,0,0,0,0,305,32.0178,3,0,0,0,0,304,16,4,0,0,0,0,)
291,8(274,16,0,0,0,0,0,275,32,1,0,0,0,0,292,16,2,0,0,0,0,306,32,3,0,0,0,0,305,16,4,0,0,0,0,304,32.0178,5,0,0,0,0,290,16.0178,6,0,0,0,0,273,32.0178,7,0,0,0,0,)
292,8(275,16,0,0,0,0,0,276,32,1,0,0,0,0,293,16,2,0,0,0,0,307,32,3,0,0,0,0,306,16,4,0,0,0,0,305,32,5,0,0,0,0,291,16,6,0,0,0,0,274,32,7,0,0,0,0,)
293,5(276,16,0,0,0,0,0,307,16,4,0,0,0,0,306,32,5,0,0,0,0,292,16,6,0,0,0,0,275,32,7,0,0,0,0,)
294,8(277,16.6049,0,0,0,0,0,278,32.6049,1,0,0,0,0,295,16,2,0,0,0,0,309,32,3,0,0,0,0,308,16,4,0,0,0,0,307,48,5,0,0,0,0,293,32,6,0,0,0,0,276,48,7,0,0,0,0,)
295,8(278,16.6049,0,0,0,0,0,279,32.0002,1,0,0,0,0,296,16,2,0,0,0,0,310,32,3,0,0,0,0,309,16,4,0,0,0,0,308,32,5,0,0,0,0,294,16,6,0,0,0,0,277,32.6049,7,0,0,0,0,)
296,6(279,16.0002,0,0,0,0,0,280,32,1,0,0,0,0,310,16,4,0,0,0,0,309,32,5,0,0,0,0,295,16,6,0,0,0,0,278,32.6049,7,0,0,0,0,)
297,5(283,16.7783,0,0,0,0,0,284,36.5613,1,0,0,0,0,298,20.5613,2,0,0,0,0,312,36.5613,3,0,0,0,0,311,16.7697,4,0,0,0,0,)
298,5(284,16,0,0,0,0,0,285,32,1,0,0,0,0,299,16,2,0,0,0,0,313,32,3,0,0,0,0,312,16,4,0,0,0,0,)
299,5(285,16,0,0,0,0,0,313,16,4,0,0,0,0,312,32,5,0,0,0,0,298,16,6,0,0,0,0,284,32,7,0,0,0,0,)
300,5(286,16,0,0,0,0,0,287,32,1,0,0,0,0,301,16,2,0,0,0,0,315,32,3,0,0,0,0,314,16,4,0,0,0,0,)
301,5(287,16,0,0,0,0,0,315,16,4,0,0,0,0,314,32,5,0,0,0,0,300,16,6,0,0,0,0,286,32,7,0,0,0,0,)
302,5(288,16.7866,0,0,0,0,0,289,33.0122,1,0,0,0,0,303,17,2,0,0,0,0,317,33,3,0,0,0,0,316,16,4,0,0,0,0,)
303,5(289,16,0,0,0,0,0,317,16,4,0,0,0,0,316,33,5,0,0,0,0,302,17,6,0,0,0,0,288,32.0128,7,0,0,0,0,)
304,5(290,16,0,0,0,0,0,291,32.0178,1,0,0,0,0,305,16.0178,2,0,0,0,0,319,32.0178,3,0,0,0,0,318,16,4,0,0,0,0,)
305,8(291,16,0,0,0,0,0,292,32,1,0,0,0,0,306,16,2,0,0,0,0,320,32,3,0,0,0,0,319,16,4,0,0,0,0,318,32.0178,5,0,0,0,0,304,16.0178,6,0,0,0,0,290,32.0178,7,0,0,0,0,)
306,8(292,16,0,0,0,0,0,293,32,1,0,0,0,0,307,16,2,0,0,0,0,321,32,3,0,0,0,0,320,16,4,0,0,0,0,319,32,5,0,0,0,0,305,16,6,0,0,0,0,291,32,7,0,0,0,0,)
307,5(293,16,0,0,0,0,0,321,16,4,0,0,0,0,320,32,5,0,0,0,0,306,16,6,0,0,0,0,292,32,7,0,0,0,0,)
308,8(294,16,0,0,0,0,0,295,32,1,0,0,0,0,309,16,2,0,0,0,0,323,32,3,0,0,0,0,322,16,4,0,0,0,0,321,48,5,0,0,0,0,307,32,6,0,0,0,0,293,48,7,0,0,0,0,)
309,8(295,16,0,0,0,0,0,296,32,1,0,0,0,0,310,16,2,0,0,0,0,324,32,3,0,0,0,0,323,16,4,0,0,0,0,322,32,5,0,0,0,0,308,16,6,0,0,0,0,294,32,7,0,0,0,0,)
310,5(296,16,0,0,0,0,0,324,16,4,0,0,0,0,323,32,5,0,0,0,0,309,16,6,0,0,0,0,295,32,7,0,0,0,0,)
311,5(297,16.7697,0,0,0,0,0,298,41.0784,1,0,0,0,0,312,25.0784,2,0,0,0,0,326,41.0784,3,0,0,0,0,325,16.7697,4,0,0,0,0,)
312,5(298,16,0,0,0,0,0,299,32,1,0,0,0,0,313,16,2,0,0,0,0,327,32,3,0,0,0,0,326,16,4,0,0,0,0,)
313,5(299,16,0,0,0,0,0,327,16,4,0,0,0,0,326,32,5,0,0,0,0,312,16,6,0,0,0,0,298,32,7,0,0,0,0,)
314,5(300,16,0,0,0,0,0,301,32,1,0,0,0,0,315,16,2,0,0,0,0,329,32,3,0,0,0,0,328,16,4,0,0,0,0,)
315,5(301,16,0,0,0,0,0,329,16,4,0,0,0,0,328,32,5,0,0,0,0,314,16,6,0,0,0,0,300,32,7,0,0,0,0,)
316,6(302,16,0,0,0,0,0,303,33,1,0,0,0,0,317,17,2,0,0,0,0,333,33,3,0,0,0,0,332,16,4,0,0,0,0,331,33,5,0,0,0,0,)
317,4(303,16,0,0,0,0,0,332,33,5,0,0,0,0,316,17,6,0,0,0,0,302,33,7,0,0,0,0,)
318,5(304,16,0,0,0,0,0,305,32.0178,1,0,0,0,0,319,16.0178,2,0,0,0,0,335,32.0178,3,0,0,0,0,334,16,4,0,0,0,0,)
319,8(305,16,0,0,0,0,0,306,32,1,0,0,0,0,320,16,2,0,0,0,0,336,32,3,0,0,0,0,335,16,4,0,0,0,0,334,32.0178,5,0,0,0,0,318,16.0178,6,0,0,0,0,304,32.0178,7,0,0,0,0,)
320,8(306,16,0,0,0,0,0,307,32,1,0,0,0,0,321,16,2,0,0,0,0,337,32,3,0,0,0,0,336,16,4,0,0,0,0,335,32,5,0,0,0,0,319,16,6,0,0,0,0,305,32,7,0,0,0,0,)
321,6(307,16,0,0,0,0,0,338,32.0002,3,0,0,0,0,337,16,4,0,0,0,0,336,32,5,0,0,0,0,320,16,6,0,0,0,0,306,32,7,0,0,0,0,)
322,8(308,16,0,0,0,0,0,309,32,1,0,0,0,0,323,16,2,0,0,0,0,339,32,3,0,0,0,0,338,31.8856,4,0,0,0,0,337,48,5,0,0,0,0,321,32,6,0,0,0,0,307,48,7,0,0,0,0,)
323,8(309,16,0,0,0,0,0,310,32,1,0,0,0,0,324,16,2,0,0,0,0,340,32,3,0,0,0,0,339,16,4,0,0,0,0,338,47.8856,5,0,0,0,0,322,16,6,0,0,0,0,308,32,7,0,0,0,0,)
324,6(310,16,0,0,0,0,0,341,32,3,0,0,0,0,340,16,4,0,0,0,0,339,32,5,0,0,0,0,323,16,6,0,0,0,0,309,32,7,0,0,0,0,)
325,6(311,16.7697,0,0,0,0,0,312,47.1347,1,0,0,0,0,326,31.1347,2,0,0,0,0,345,47.1347,3,0,0,0,0,344,16.013,4,0,0,0,0,343,32.012,5,0,0,0,0,)
326,5(312,16,0,0,0,0,0,313,32,1,0,0,0,0,327,16,2,0,0,0,0,346,32,3,0,0,0,0,345,16,4,0,0,0,0,)
327,5(313,16,0,0,0,0,0,346,16,4,0,0,0,0,345,32,5,0,0,0,0,326,16,6,0,0,0,0,312,32,7,0,0,0,0,)
328,5(314,16,0,0,0,0,0,315,32,1,0,0,0,0,329,16,2,0,0,0,0,348,32,3,0,0,0,0,347,16,4,0,0,0,0,)
329,5(315,16,0,0,0,0,0,348,16,4,0,0,0,0,347,32,5,0,0,0,0,328,16,6,0,0,0,0,314,32,7,0,0,0,0,)
330,3(331,-4.31602e+008,2,0,0,0,0,329,-4.31602e+008,6,0,0,0,0,315,-4.31602e+008,7,0,0,0,0,)
331,3(316,33,1,0,0,0,0,332,17,2,0,0,0,0,349,33,3,0,0,0,0,)
332,6(316,16,0,0,0,0,0,317,33,1,0,0,0,0,333,17,2,0,0,0,0,350,33,3,0,0,0,0,349,16,4,0,0,0,0,331,17,6,0,0,0,0,)
333,4(350,16,4,0,0,0,0,349,33,5,0,0,0,0,332,17,6,0,0,0,0,316,33,7,0,0,0,0,)
334,5(318,16,0,0,0,0,0,319,32.0178,1,0,0,0,0,335,16.0178,2,0,0,0,0,352,32.0178,3,0,0,0,0,351,16,4,0,0,0,0,)
335,8(319,16,0,0,0,0,0,320,32,1,0,0,0,0,336,16,2,0,0,0,0,353,32,3,0,0,0,0,352,16,4,0,0,0,0,351,32.0178,5,0,0,0,0,334,16.0178,6,0,0,0,0,318,32.0178,7,0,0,0,0,)
336,8(320,16,0,0,0,0,0,321,32,1,0,0,0,0,337,16,2,0,0,0,0,354,32.0003,3,0,0,0,0,353,16,4,0,0,0,0,352,32,5,0,0,0,0,335,16,6,0,0,0,0,319,32,7,0,0,0,0,)
337,6(321,16,0,0,0,0,0,338,16.0002,2,0,0,0,0,354,16.0003,4,0,0,0,0,353,32,5,0,0,0,0,336,16,6,0,0,0,0,320,32,7,0,0,0,0,)
338,2(337,16.0002,6,0,0,0,0,321,32.0002,7,0,0,0,0,)
339,8(323,16,0,0,0,0,0,324,32,1,0,0,0,0,340,16,2,0,0,0,0,357,32,3,0,0,0,0,356,16,4,0,0,0,0,355,32,5,0,0,0,0,338,31.8856,6,0,0,0,0,322,32,7,0,0,0,0,)
340,7(324,16,0,0,0,0,0,341,16,2,0,0,0,0,358,32,3,0,0,0,0,357,16,4,0,0,0,0,356,32,5,0,0,0,0,339,16,6,0,0,0,0,323,32,7,0,0,0,0,)
341,6(342,16,2,0,0,0,0,359,32,3,0,0,0,0,358,16,4,0,0,0,0,357,32,5,0,0,0,0,340,16,6,0,0,0,0,324,32,7,0,0,0,0,)
342,5(343,16,2,0,0,0,0,360,32,3,0,0,0,0,359,16,4,0,0,0,0,358,32,5,0,0,0,0,341,16,6,0,0,0,0,)
343,6(325,32.012,1,0,0,0,0,344,16,2,0,0,0,0,361,32.0001,3,0,0,0,0,360,16,4,0,0,0,0,359,32,5,0,0,0,0,342,16,6,0,0,0,0,)
344,7(325,16.013,0,0,0,0,0,326,48.0335,1,0,0,0,0,345,32.0335,2,0,0,0,0,362,48.0335,3,0,0,0,0,361,16,4,0,0,0,0,360,32,5,0,0,0,0,343,16,6,0,0,0,0,)
345,5(326,16,0,0,0,0,0,327,32,1,0,0,0,0,346,16,2,0,0,0,0,363,32,3,0,0,0,0,362,16,4,0,0,0,0,)
346,5(327,16,0,0,0,0,0,363,16,4,0,0,0,0,362,32,5,0,0,0,0,345,16,6,0,0,0,0,326,32,7,0,0,0,0,)
347,5(328,16,0,0,0,0,0,329,32,1,0,0,0,0,348,16,2,0,0,0,0,365,32,3,0,0,0,0,364,16,4,0,0,0,0,)
348,5(329,16,0,0,0,0,0,365,16,4,0,0,0,0,364,32,5,0,0,0,0,347,16,6,0,0,0,0,328,32,7,0,0,0,0,)
349,6(332,16,0,0,0,0,0,333,33,1,0,0,0,0,350,17,2,0,0,0,0,367,33,3,0,0,0,0,366,16.3086,4,0,0,0,0,331,33,7,0,0,0,0,)
350,5(333,16,0,0,0,0,0,367,16,4,0,0,0,0,366,32.1975,5,0,0,0,0,349,17,6,0,0,0,0,332,33,7,0,0,0,0,)
351,5(334,16,0,0,0,0,0,335,32.0178,1,0,0,0,0,352,16.0178,2,0,0,0,0,369,32.0178,3,0,0,0,0,368,16,4,0,0,0,0,)
352,8(335,16,0,0,0,0,0,336,32,1,0,0,0,0,353,16,2,0,0,0,0,370,32.0001,3,0,0,0,0,369,16,4,0,0,0,0,368,32.0178,5,0,0,0,0,351,16.0178,6,0,0,0,0,334,32.0178,7,0,0,0,0,)
353,8(336,16,0,0,0,0,0,337,32,1,0,0,0,0,354,16.0003,2,0,0,0,0,371,32,3,0,0,0,0,370,16.0001,4,0,0,0,0,369,32,5,0,0,0,0,352,16,6,0,0,0,0,335,32,7,0,0,0,0,)
354,6(337,16.0003,0,0,0,0,0,372,32.1255,3,0,0,0,0,371,16.0003,4,0,0,0,0,370,32,5,0,0,0,0,353,16.0003,6,0,0,0,0,336,32.0003,7,0,0,0,0,)
355,8(338,31.8854,0,0,0,0,0,339,32,1,0,0,0,0,356,16,2,0,0,0,0,373,38.2101,3,0,0,0,0,372,29.1754,4,0,0,0,0,371,48,5,0,0,0,0,354,31.8731,6,0,0,0,0,337,47.9998,7,0,0,0,0,)
356,8(339,16,0,0,0,0,0,340,32,1,0,0,0,0,357,16,2,0,0,0,0,374,33.8328,3,0,0,0,0,373,22.2101,4,0,0,0,0,372,45.1754,5,0,0,0,0,355,16,6,0,0,0,0,338,47.8855,7,0,0,0,0,)
357,8(340,16,0,0,0,0,0,341,32,1,0,0,0,0,358,16,2,0,0,0,0,375,32.046,3,0,0,0,0,374,17.8328,4,0,0,0,0,373,38.2102,5,0,0,0,0,356,16,6,0,0,0,0,339,32,7,0,0,0,0,)
358,8(341,16,0,0,0,0,0,342,32,1,0,0,0,0,359,16,2,0,0,0,0,376,32,3,0,0,0,0,375,16.046,4,0,0,0,0,374,33.8328,5,0,0,0,0,357,16,6,0,0,0,0,340,32,7,0,0,0,0,)
359,8(342,16,0,0,0,0,0,343,32,1,0,0,0,0,360,16,2,0,0,0,0,377,32.0001,3,0,0,0,0,376,16,4,0,0,0,0,375,32.046,5,0,0,0,0,358,16,6,0,0,0,0,341,32,7,0,0,0,0,)
360,8(343,16,0,0,0,0,0,344,32,1,0,0,0,0,361,16.0001,2,0,0,0,0,378,32.0001,3,0,0,0,0,377,16.0001,4,0,0,0,0,376,32,5,0,0,0,0,359,16,6,0,0,0,0,342,32,7,0,0,0,0,)
361,8(344,16,0,0,0,0,0,345,48.0718,1,0,0,0,0,362,32.0718,2,0,0,0,0,379,48.0718,3,0,0,0,0,378,16,4,0,0,0,0,377,32,5,0,0,0,0,360,16.0001,6,0,0,0,0,343,32.0001,7,0,0,0,0,)
362,5(345,16,0,0,0,0,0,346,32,1,0,0,0,0,363,16,2,0,0,0,0,380,32,3,0,0,0,0,379,16,4,0,0,0,0,)
363,5(346,16,0,0,0,0,0,380,16,4,0,0,0,0,379,32,5,0,0,0,0,362,16,6,0,0,0,0,345,32,7,0,0,0,0,)
364,5(347,16,0,0,0,0,0,348,32,1,0,0,0,0,365,16,2,0,0,0,0,382,32,3,0,0,0,0,381,16,4,0,0,0,0,)
365,5(348,16,0,0,0,0,0,382,16,4,0,0,0,0,381,32,5,0,0,0,0,364,16,6,0,0,0,0,347,32,7,0,0,0,0,)
366,5(349,16.3086,0,0,0,0,0,350,32.1975,1,0,0,0,0,367,16.1975,2,0,0,0,0,384,32.1975,3,0,0,0,0,383,16.1975,4,0,0,0,0,)
367,5(350,16,0,0,0,0,0,384,16,4,0,0,0,0,383,32,5,0,0,0,0,366,16.1975,6,0,0,0,0,349,33,7,0,0,0,0,)
368,6(351,16,0,0,0,0,0,352,32.0178,1,0,0,0,0,369,16.0178,2,0,0,0,0,387,32.0173,3,0,0,0,0,386,16,4,0,0,0,0,385,32.7282,5,0,0,0,0,)
369,8(352,16,0,0,0,0,0,353,32,1,0,0,0,0,370,16.0001,2,0,0,0,0,388,32,3,0,0,0,0,387,16,4,0,0,0,0,386,32.0178,5,0,0,0,0,368,16.0178,6,0,0,0,0,351,32.0178,7,0,0,0,0,)
370,8(353,16.0001,0,0,0,0,0,354,32,1,0,0,0,0,371,16.0001,2,0,0,0,0,389,32.0001,3,0,0,0,0,388,16.0001,4,0,0,0,0,387,32,5,0,0,0,0,369,16.0001,6,0,0,0,0,352,32.0001,7,0,0,0,0,)
371,7(354,16.0003,0,0,0,0,0,372,16.1371,2,0,0,0,0,390,32,3,0,0,0,0,389,16,4,0,0,0,0,388,32,5,0,0,0,0,370,16.0001,6,0,0,0,0,353,32,7,0,0,0,0,)
372,4(390,16.137,4,0,0,0,0,389,32.137,5,0,0,0,0,371,16.1371,6,0,0,0,0,354,32.1255,7,0,0,0,0,)
373,4(392,34.274,3,0,0,0,0,391,18.274,4,0,0,0,0,390,34.274,5,0,0,0,0,372,17.2946,6,0,0,0,0,)
374,4(393,39.0023,3,0,0,0,0,392,23.0023,4,0,0,0,0,391,39.0023,5,0,0,0,0,373,17.2955,6,0,0,0,0,)
375,8(358,16.046,0,0,0,0,0,359,32.046,1,0,0,0,0,376,16.0482,2,0,0,0,0,394,46.3299,3,0,0,0,0,393,30.3299,4,0,0,0,0,392,46.3299,5,0,0,0,0,374,17.298,6,0,0,0,0,357,32.046,7,0,0,0,0,)
376,8(359,16,0,0,0,0,0,360,32,1,0,0,0,0,377,16,2,0,0,0,0,395,48.0396,3,0,0,0,0,394,32.0396,4,0,0,0,0,393,48.0396,5,0,0,0,0,375,16.0482,6,0,0,0,0,358,32,7,0,0,0,0,)
377,8(360,16.0001,0,0,0,0,0,361,32,1,0,0,0,0,378,16,2,0,0,0,0,396,48.06,3,0,0,0,0,395,32.06,4,0,0,0,0,394,48.06,5,0,0,0,0,376,16,6,0,0,0,0,359,32.0001,7,0,0,0,0,)
378,8(361,16,0,0,0,0,0,362,48.0858,1,0,0,0,0,379,32.0858,2,0,0,0,0,397,48.0858,3,0,0,0,0,396,32.0858,4,0,0,0,0,395,48.0858,5,0,0,0,0,377,16,6,0,0,0,0,360,32.0001,7,0,0,0,0,)
379,5(362,16,0,0,0,0,0,363,32,1,0,0,0,0,380,16,2,0,0,0,0,398,32,3,0,0,0,0,397,16,4,0,0,0,0,)
380,5(363,16,0,0,0,0,0,398,16,4,0,0,0,0,397,32,5,0,0,0,0,379,16,6,0,0,0,0,362,32,7,0,0,0,0,)
381,5(364,16,0,0,0,0,0,365,32,1,0,0,0,0,382,16,2,0,0,0,0,400,32,3,0,0,0,0,399,16,4,0,0,0,0,)
382,6(365,16,0,0,0,0,0,401,32,3,0,0,0,0,400,16,4,0,0,0,0,399,32,5,0,0,0,0,381,16,6,0,0,0,0,364,32,7,0,0,0,0,)
383,6(366,16.1975,0,0,0,0,0,367,32,1,0,0,0,0,384,16,2,0,0,0,0,404,32.2434,3,0,0,0,0,403,16.1111,4,0,0,0,0,402,32.7744,5,0,0,0,0,)
384,6(367,16,0,0,0,0,0,405,33,3,0,0,0,0,404,16.2434,4,0,0,0,0,403,32.1111,5,0,0,0,0,383,16,6,0,0,0,0,366,32.1975,7,0,0,0,0,)
385,4(368,32.7282,1,0,0,0,0,386,16.7282,2,0,0,0,0,406,32.9735,3,0,0,0,0,405,16.9735,4,0,0,0,0,)
386,7(368,16,0,0,0,0,0,369,32.0178,1,0,0,0,0,387,16.0173,2,0,0,0,0,407,32.0178,3,0,0,0,0,406,16.0178,4,0,0,0,0,405,32.0178,5,0,0,0,0,385,16.7282,6,0,0,0,0,)
387,8(369,16,0,0,0,0,0,370,32,1,0,0,0,0,388,16,2,0,0,0,0,408,32,3,0,0,0,0,407,16,4,0,0,0,0,406,32,5,0,0,0,0,386,16.0173,6,0,0,0,0,368,32.0173,7,0,0,0,0,)
388,8(370,16.0001,0,0,0,0,0,371,32,1,0,0,0,0,389,16,2,0,0,0,0,409,32,3,0,0,0,0,408,16,4,0,0,0,0,407,32,5,0,0,0,0,387,16,6,0,0,0,0,369,32,7,0,0,0,0,)
389,8(371,16,0,0,0,0,0,372,32.137,1,0,0,0,0,390,16,2,0,0,0,0,410,32,3,0,0,0,0,409,16,4,0,0,0,0,408,32,5,0,0,0,0,388,16,6,0,0,0,0,370,32.0001,7,0,0,0,0,)
390,7(372,16.137,0,0,0,0,0,391,16,2,0,0,0,0,411,32,3,0,0,0,0,410,16,4,0,0,0,0,409,32,5,0,0,0,0,389,16,6,0,0,0,0,371,32,7,0,0,0,0,)
391,5(392,16,2,0,0,0,0,412,32,3,0,0,0,0,411,16,4,0,0,0,0,410,32,5,0,0,0,0,390,16,6,0,0,0,0,)
392,5(393,16,2,0,0,0,0,413,32,3,0,0,0,0,412,16,4,0,0,0,0,411,32,5,0,0,0,0,391,16,6,0,0,0,0,)
393,5(394,16,2,0,0,0,0,414,32,3,0,0,0,0,413,16,4,0,0,0,0,412,32,5,0,0,0,0,392,16,6,0,0,0,0,)
394,5(395,16,2,0,0,0,0,415,32,3,0,0,0,0,414,16,4,0,0,0,0,413,32,5,0,0,0,0,393,16,6,0,0,0,0,)
395,5(396,16,2,0,0,0,0,416,32,3,0,0,0,0,415,16,4,0,0,0,0,414,32,5,0,0,0,0,394,16,6,0,0,0,0,)
396,5(397,16,2,0,0,0,0,417,32,3,0,0,0,0,416,16,4,0,0,0,0,415,32,5,0,0,0,0,395,16,6,0,0,0,0,)
397,7(379,16,0,0,0,0,0,380,32,1,0,0,0,0,398,16,2,0,0,0,0,418,32,3,0,0,0,0,417,16,4,0,0,0,0,416,32,5,0,0,0,0,396,16,6,0,0,0,0,)
398,5(380,16,0,0,0,0,0,418,16,4,0,0,0,0,417,32,5,0,0,0,0,397,16,6,0,0,0,0,379,32,7,0,0,0,0,)
399,5(381,16,0,0,0,0,0,382,32,1,0,0,0,0,400,16,2,0,0,0,0,420,32,3,0,0,0,0,419,16,4,0,0,0,0,)
400,7(382,16,0,0,0,0,0,401,16,2,0,0,0,0,421,32,3,0,0,0,0,420,16,4,0,0,0,0,419,32,5,0,0,0,0,399,16,6,0,0,0,0,381,32,7,0,0,0,0,)
401,6(402,16.0131,2,0,0,0,0,422,32,3,0,0,0,0,421,16,4,0,0,0,0,420,32,5,0,0,0,0,400,16,6,0,0,0,0,382,32,7,0,0,0,0,)
402,6(383,32.7744,1,0,0,0,0,403,16.2988,2,0,0,0,0,423,32.0144,3,0,0,0,0,422,16.0144,4,0,0,0,0,421,32.0144,5,0,0,0,0,401,16.0131,6,0,0,0,0,)
403,7(383,16.1111,0,0,0,0,0,384,32.1111,1,0,0,0,0,404,16.0256,2,0,0,0,0,424,32.4444,3,0,0,0,0,423,16.4444,4,0,0,0,0,422,32.4444,5,0,0,0,0,402,16.2988,6,0,0,0,0,)
404,7(384,16.2434,0,0,0,0,0,405,16.2567,2,0,0,0,0,425,32.2567,3,0,0,0,0,424,16.2567,4,0,0,0,0,423,32.2567,5,0,0,0,0,403,16.0256,6,0,0,0,0,383,32.2434,7,0,0,0,0,)
405,8(385,16.9735,0,0,0,0,0,386,32.0178,1,0,0,0,0,406,16,2,0,0,0,0,426,32,3,0,0,0,0,425,16,4,0,0,0,0,424,32,5,0,0,0,0,404,16.2567,6,0,0,0,0,384,33,7,0,0,0,0,)
406,8(386,16.0178,0,0,0,0,0,387,32,1,0,0,0,0,407,16,2,0,0,0,0,427,32,3,0,0,0,0,426,16,4,0,0,0,0,425,32,5,0,0,0,0,405,16,6,0,0,0,0,385,32.9735,7,0,0,0,0,)
407,8(387,16,0,0,0,0,0,388,32,1,0,0,0,0,408,16,2,0,0,0,0,428,32,3,0,0,0,0,427,16,4,0,0,0,0,426,32,5,0,0,0,0,406,16,6,0,0,0,0,386,32.0178,7,0,0,0,0,)
408,8(388,16,0,0,0,0,0,389,32,1,0,0,0,0,409,16,2,0,0,0,0,429,32,3,0,0,0,0,428,16,4,0,0,0,0,427,32,5,0,0,0,0,407,16,6,0,0,0,0,387,32,7,0,0,0,0,)
409,8(389,16,0,0,0,0,0,390,32,1,0,0,0,0,410,16,2,0,0,0,0,430,32,3,0,0,0,0,429,16,4,0,0,0,0,428,32,5,0,0,0,0,408,16,6,0,0,0,0,388,32,7,0,0,0,0,)
410,8(390,16,0,0,0,0,0,391,32,1,0,0,0,0,411,16,2,0,0,0,0,431,32,3,0,0,0,0,430,16,4,0,0,0,0,429,32,5,0,0,0,0,409,16,6,0,0,0,0,389,32,7,0,0,0,0,)
411,8(391,16,0,0,0,0,0,392,32,1,0,0,0,0,412,16,2,0,0,0,0,432,32,3,0,0,0,0,431,16,4,0,0,0,0,430,32,5,0,0,0,0,410,16,6,0,0,0,0,390,32,7,0,0,0,0,)
412,8(392,16,0,0,0,0,0,393,32,1,0,0,0,0,413,16,2,0,0,0,0,433,32,3,0,0,0,0,432,16,4,0,0,0,0,431,32,5,0,0,0,0,411,16,6,0,0,0,0,391,32,7,0,0,0,0,)
413,8(393,16,0,0,0,0,0,394,32,1,0,0,0,0,414,16,2,0,0,0,0,434,32,3,0,0,0,0,433,16,4,0,0,0,0,432,32,5,0,0,0,0,412,16,6,0,0,0,0,392,32,7,0,0,0,0,)
414,8(394,16,0,0,0,0,0,395,32,1,0,0,0,0,415,16,2,0,0,0,0,435,32,3,0,0,0,0,434,16,4,0,0,0,0,433,32,5,0,0,0,0,413,16,6,0,0,0,0,393,32,7,0,0,0,0,)
415,8(395,16,0,0,0,0,0,396,32,1,0,0,0,0,416,16,2,0,0,0,0,436,32,3,0,0,0,0,435,16,4,0,0,0,0,434,32,5,0,0,0,0,414,16,6,0,0,0,0,394,32,7,0,0,0,0,)
416,8(396,16,0,0,0,0,0,397,32,1,0,0,0,0,417,16,2,0,0,0,0,437,32,3,0,0,0,0,436,16,4,0,0,0,0,435,32,5,0,0,0,0,415,16,6,0,0,0,0,395,32,7,0,0,0,0,)
417,8(397,16,0,0,0,0,0,398,32,1,0,0,0,0,418,16,2,0,0,0,0,438,32,3,0,0,0,0,437,16,4,0,0,0,0,436,32,5,0,0,0,0,416,16,6,0,0,0,0,396,32,7,0,0,0,0,)
418,5(398,16,0,0,0,0,0,438,16,4,0,0,0,0,437,32,5,0,0,0,0,417,16,6,0,0,0,0,397,32,7,0,0,0,0,)
419,3(399,16,0,0,0,0,0,400,32,1,0,0,0,0,420,16,2,0,0,0,0,)
420,5(400,16,0,0,0,0,0,401,32,1,0,0,0,0,421,16,2,0,0,0,0,419,16,6,0,0,0,0,399,32,7,0,0,0,0,)
421,5(401,16,0,0,0,0,0,402,32.0144,1,0,0,0,0,422,16,2,0,0,0,0,420,16,6,0,0,0,0,400,32,7,0,0,0,0,)
422,5(402,16.0144,0,0,0,0,0,403,32.4444,1,0,0,0,0,423,16,2,0,0,0,0,421,16,6,0,0,0,0,401,32,7,0,0,0,0,)
423,5(403,16.4444,0,0,0,0,0,404,32.2567,1,0,0,0,0,424,16,2,0,0,0,0,422,16,6,0,0,0,0,402,32.0144,7,0,0,0,0,)
424,5(404,16.2567,0,0,0,0,0,405,32,1,0,0,0,0,425,16,2,0,0,0,0,423,16,6,0,0,0,0,403,32.4444,7,0,0,0,0,)
425,5(405,16,0,0,0,0,0,406,32,1,0,0,0,0,426,16,2,0,0,0,0,424,16,6,0,0,0,0,404,32.2567,7,0,0,0,0,)
426,5(406,16,0,0,0,0,0,407,32,1,0,0,0,0,427,16,2,0,0,0,0,425,16,6,0,0,0,0,405,32,7,0,0,0,0,)
427,5(407,16,0,0,0,0,0,408,32,1,0,0,0,0,428,16,2,0,0,0,0,426,16,6,0,0,0,0,406,32,7,0,0,0,0,)
428,5(408,16,0,0,0,0,0,409,32,1,0,0,0,0,429,16,2,0,0,0,0,427,16,6,0,0,0,0,407,32,7,0,0,0,0,)
429,5(409,16,0,0,0,0,0,410,32,1,0,0,0,0,430,16,2,0,0,0,0,428,16,6,0,0,0,0,408,32,7,0,0,0,0,)
430,5(410,16,0,0,0,0,0,411,32,1,0,0,0,0,431,16,2,0,0,0,0,429,16,6,0,0,0,0,409,32,7,0,0,0,0,)
431,5(411,16,0,0,0,0,0,412,32,1,0,0,0,0,432,16,2,0,0,0,0,430,16,6,0,0,0,0,410,32,7,0,0,0,0,)
432,5(412,16,0,0,0,0,0,413,32,1,0,0,0,0,433,16,2,0,0,0,0,431,16,6,0,0,0,0,411,32,7,0,0,0,0,)
433,5(413,16,0,0,0,0,0,414,32,1,0,0,0,0,434,16,2,0,0,0,0,432,16,6,0,0,0,0,412,32,7,0,0,0,0,)
434,5(414,16,0,0,0,0,0,415,32,1,0,0,0,0,435,16,2,0,0,0,0,433,16,6,0,0,0,0,413,32,7,0,0,0,0,)
435,5(415,16,0,0,0,0,0,416,32,1,0,0,0,0,436,16,2,0,0,0,0,434,16,6,0,0,0,0,414,32,7,0,0,0,0,)
436,5(416,16,0,0,0,0,0,417,32,1,0,0,0,0,437,16,2,0,0,0,0,435,16,6,0,0,0,0,415,32,7,0,0,0,0,)
437,5(417,16,0,0,0,0,0,418,32,1,0,0,0,0,438,16,2,0,0,0,0,436,16,6,0,0,0,0,416,32,7,0,0,0,0,)
438,3(418,16,0,0,0,0,0,437,16,6,0,0,0,0,417,32,7,0,0,0,0,)
439,0()
440,4(198,16,0,0,0,0,0,219,16,2,0,0,0,0,238,16,4,0,0,0,0,217,16,6,0,0,0,0,)
441,4(219,16,0,0,0,0,0,240,16,2,0,0,0,0,259,16,4,0,0,0,0,238,16,6,0,0,0,0,)
}
