442
MaxVisibilityNodeIndex(1)
{
(0,-1,0,0,-1,0,45.607,60,3,4,79,80,68.1175,282,3,73,76,113,96.7471,430,3,107,217,216,30.4631,46,3,62,61,82,34.176,45,0,0,-1,0,11,0,1,2,11,12,13,14,15,32,33,34,)
(0,-1,0,0,-1,0,41.7612,60,2,4,80,66.3325,282,3,73,75,112,96.0833,427,3,107,217,216,32.4965,63,3,62,61,82,37.9473,45,0,0,-1,0,12,1,0,2,3,12,13,14,15,16,33,34,35,)
(0,-1,0,0,-1,0,37.9473,60,1,4,46.6476,185,3,75,77,114,96.7471,426,3,107,217,216,36.0003,63,3,62,82,102,41.7612,45,1,61,0,-1,0,12,2,0,1,3,13,14,15,16,17,34,35,36,)
(0,-1,0,0,-1,0,34.176,60,1,4,45.2548,150,3,74,77,113,98.0612,425,3,144,184,217,40.1995,104,3,107,82,81,45.607,45,2,61,62,0,-1,0,11,3,1,2,14,15,16,17,18,35,36,37,)
(0,-1,0,0,-1,0,0,-1,0,0,-1,0,96.9528,439,3,185,245,244,82.5272,339,3,77,76,75,80.8982,45,3,3,2,1,0,-1,0,4,4,23,24,44,)
(0,-1,0,0,-1,0,80.1032,4,3,69,112,76,17.8885,49,3,107,126,111,92.0869,420,3,191,171,212,0,-1,0,0,-1,0,0,-1,0,8,5,6,7,25,26,27,45,46,)
(0,-1,0,0,-1,0,76.1086,4,3,70,113,77,17.8885,50,3,90,108,112,92.0869,419,3,171,211,153,8.94427,45,0,4,5,0,0,-1,0,11,6,5,7,8,25,26,27,28,45,46,47,)
(0,-1,0,0,-1,0,72.1146,4,3,76,78,150,17.8885,51,3,69,108,112,25.2982,119,3,102,134,133,17.8885,81,0,8,5,0,0,-1,0,13,7,5,6,8,9,25,26,27,28,29,46,47,48,)
(0,-1,0,0,-1,0,68.352,132,3,75,77,79,52,114,3,70,90,108,8,48,3,102,134,152,16.9706,61,3,62,82,119,12.6491,25,0,0,-1,0,13,8,6,7,9,10,26,27,28,29,30,47,48,49,)
(0,-1,0,0,-1,0,64.622,132,3,75,77,79,64.4981,167,3,69,107,126,8,49,3,191,189,211,20,61,3,62,82,102,16.4924,25,0,0,-1,0,13,9,7,8,10,11,27,28,29,30,31,48,49,50,)
(0,-1,0,0,-1,0,60.1375,4,3,75,77,79,66.5733,188,3,90,108,140,8,50,3,198,191,217,17.8885,46,3,62,61,82,21.5407,45,0,0,-1,0,13,10,8,9,11,12,28,29,30,31,32,49,50,51,)
(0,-1,0,8.94427,0,0,56.1473,4,3,75,77,79,73.7564,284,3,108,74,140,16.9706,88,3,107,198,440,17.8885,47,3,62,61,82,25.2982,45,0,0,-1,0,14,11,0,9,10,12,13,29,30,31,32,33,50,51,52,)
(0,-1,0,8.94427,1,0,52.1586,4,3,76,78,80,66.6933,282,3,74,145,130,55.9257,261,3,107,126,140,18.3303,86,3,62,61,82,29.1204,45,0,0,-1,0,15,12,0,1,10,11,13,14,30,31,32,33,34,51,52,53,)
(4,0,0,8.94427,2,0,48.1718,4,3,77,79,100,62.7375,281,3,74,76,144,92.7793,430,3,107,217,216,22.9783,85,3,62,82,102,32.9848,45,1,61,0,-1,0,16,13,0,1,2,11,12,14,15,31,32,33,34,35,52,53,54,)
(4,1,0,8.94427,3,0,44.1874,4,3,78,79,80,62.7375,282,3,73,76,113,92.0869,427,3,107,217,216,25.923,85,3,82,102,120,36.8782,45,2,61,62,5.65685,0,0,17,14,0,1,2,3,12,13,15,16,32,33,34,35,36,53,54,55,)
(4,2,0,5.65685,3,0,40.206,4,2,79,80,61.0574,282,3,75,112,73,92.7793,426,3,107,217,216,29.1204,85,3,82,102,120,40.7922,45,3,62,61,63,8.94427,0,0,17,15,0,1,2,3,13,14,16,17,33,34,35,36,37,54,55,56,)
(4,3,0,0,-1,0,36.2288,4,1,80,37.7359,118,3,74,76,113,94.1488,425,3,144,217,242,39.6841,176,3,107,102,215,44.7214,45,3,62,61,82,8.94427,1,0,16,16,1,2,3,14,15,17,18,34,35,36,37,38,55,56,57,)
(0,-1,0,0,-1,0,32.2571,4,0,39.598,150,3,75,114,78,95.0789,425,3,74,113,144,44.9854,196,3,107,216,215,48.6621,45,3,62,61,82,8.94427,2,0,14,17,2,3,15,16,18,19,35,36,37,38,39,56,57,)
(0,-1,0,0,-1,0,28.2935,4,0,23.3238,115,3,78,116,80,64.6221,290,3,73,75,112,60.9263,273,3,108,107,217,52.6118,45,3,62,61,82,8.94427,3,0,13,18,3,16,17,19,20,36,37,38,39,40,57,58,)
(0,-1,0,0,-1,0,24.3418,4,0,17.8885,59,3,77,79,116,56.7098,282,3,74,112,115,46.9707,197,3,73,126,107,56.5685,45,3,62,82,102,0,-1,0,11,19,17,18,20,21,37,38,39,40,41,58,)
(0,-1,0,0,-1,0,20.4089,4,0,20,80,3,100,78,132,57.4702,278,3,76,113,115,50.4207,218,3,74,73,111,60.531,45,3,62,61,82,0,-1,0,11,20,18,19,21,22,38,39,40,41,42,58,)
(0,-1,0,0,-1,0,16.5083,4,0,16.9706,80,3,79,118,150,4,41,3,78,76,114,74.4111,289,3,75,74,73,64.4981,45,3,62,61,82,0,-1,0,10,21,19,20,22,23,39,40,41,42,43,)
(0,-1,0,0,-1,0,12.6698,4,0,17.8885,100,0,88.3629,418,3,78,116,115,56.9922,175,3,75,76,73,68.469,45,3,70,62,61,0,-1,0,11,22,20,21,23,24,40,41,42,43,44,59,)
(0,-1,0,8.97344,4,0,4,24,0,8.94427,60,0,92.0869,438,3,78,186,185,61.1132,278,3,77,75,76,72.4431,45,3,70,69,62,0,-1,0,11,23,4,21,22,24,41,42,43,44,59,60,)
(0,-1,0,5.70287,4,0,0,-1,0,0,-1,0,92.0869,437,3,185,205,246,69.9714,309,3,78,77,75,76.4199,45,3,70,90,69,0,-1,0,9,24,4,22,23,42,43,44,59,60,)
(4,5,0,8.94427,7,0,80.4023,4,3,70,90,111,8.94427,47,3,108,126,214,88.0909,420,3,191,171,212,0,-1,0,0,-1,0,0,-1,0,11,25,5,6,7,26,27,45,46,47,61,62,)
(4,6,0,8.94427,8,0,76.4233,4,3,69,90,73,8.94427,48,3,107,144,215,88.0909,419,3,171,211,153,8.94427,61,0,4,25,0,5.65685,5,0,14,26,5,6,7,8,25,27,28,45,46,47,48,61,62,)
(4,7,0,8.94427,9,0,72.4467,4,3,70,111,113,8.94427,49,3,108,144,130,4,47,3,82,120,119,14.4222,81,2,62,101,8,25,0,8.94427,5,0,16,27,5,6,7,8,9,25,26,28,29,45,46,47,48,49,62,)
(4,8,0,8.94427,10,0,68.4728,4,3,69,112,114,8.94427,50,3,90,108,144,4,48,3,134,152,191,8.94427,46,3,62,61,82,12.6491,5,0,8.94427,6,0,15,28,6,7,8,9,10,26,27,29,30,46,47,48,49,50,)
(4,9,0,17.8885,0,0,64.5021,4,3,70,113,115,8.94427,51,3,69,108,126,4,49,3,191,211,213,8.94427,47,3,62,61,82,16.4924,5,0,8.94427,7,0,15,29,7,8,9,10,11,27,28,30,31,47,48,49,50,51,)
(4,10,0,17.8885,1,0,60.5353,4,3,76,78,80,39.3954,113,3,70,107,126,4,50,3,191,217,440,8.94427,48,3,62,82,102,20.3961,5,1,61,8.94427,8,0,15,30,8,9,10,11,12,28,29,31,32,48,49,50,51,52,)
(4,11,0,17.8885,2,0,56.5732,4,3,76,78,80,55.5698,167,3,90,108,140,4,51,3,198,440,216,8.94427,49,3,82,102,120,24.3311,5,2,61,62,8.94427,9,0,15,31,9,10,11,12,13,29,30,32,33,49,50,51,52,53,)
(4,12,0,17.8885,3,0,52.6168,4,3,75,77,79,63.3719,282,3,108,145,185,12.6491,88,3,107,126,140,14.9666,86,3,82,102,120,28.2843,5,2,61,62,8.94427,10,0,17,32,0,10,11,12,13,14,30,31,33,34,50,51,52,53,54,69,)
(8,0,0,14.4222,3,0,48.6675,4,3,75,77,79,61.1882,282,3,130,146,184,88.8144,430,3,107,217,440,20.3961,85,3,82,102,120,32.249,5,3,62,61,63,8.94427,11,0,19,33,0,1,11,12,13,14,15,31,32,34,35,51,52,53,54,55,69,70,)
(8,1,0,11.3137,3,0,44.7272,4,3,76,78,80,59.1946,282,3,74,144,130,88.3629,430,3,107,217,216,23.6643,85,3,102,120,119,36.2215,5,3,62,61,82,8.94427,0,0,21,34,0,1,2,12,13,14,15,16,32,33,35,36,52,53,54,55,56,69,70,71,)
(8,2,0,8.94427,3,0,40.7986,4,3,76,78,80,57.4108,282,3,73,113,144,88.8144,426,3,217,216,215,27.1293,85,3,107,102,120,40.1995,5,3,62,61,82,11.3137,0,0,21,35,1,2,3,13,14,15,16,17,33,34,36,37,53,54,55,56,57,70,71,72,)
(8,3,0,8.94427,18,0,36.8853,4,3,77,79,100,37.7359,185,3,74,76,130,90.2441,425,3,111,217,243,39.6949,196,3,107,215,214,44.1814,5,3,62,61,82,14.4222,0,0,19,36,2,3,14,15,16,17,18,34,35,37,38,54,55,56,57,71,72,73,)
(4,17,0,8.94427,19,0,32.9928,4,3,78,79,80,26.8328,99,3,75,113,115,91.214,425,3,112,144,184,39.7775,197,3,108,126,107,48.1664,5,3,62,61,82,17.8885,0,0,18,37,3,15,16,17,18,19,35,36,38,39,55,56,57,58,72,73,74,)
(4,18,0,8.94427,20,0,29.1294,4,2,79,80,33.9411,150,3,75,114,78,0,-1,3,74,113,112,37.0945,137,3,73,107,140,52.1536,5,3,62,61,82,17.8885,1,0,16,38,16,17,18,19,20,36,37,39,40,56,57,58,73,74,75,)
(4,19,0,8.94427,21,0,25.3086,4,1,80,0,-1,3,76,115,78,60.2661,310,3,112,146,184,27.1293,89,3,74,73,111,56.1427,5,3,70,62,82,17.8885,2,0,15,39,17,18,19,20,21,37,38,40,41,57,58,74,75,76,)
(4,20,0,8.94427,22,0,21.5528,4,0,0,-1,3,78,80,116,52.3068,280,3,76,114,130,61.0575,273,3,74,73,108,60.1332,5,3,70,69,62,17.8885,3,0,14,40,18,19,20,21,22,38,39,41,42,58,75,76,77,)
(4,21,0,17.9031,4,0,12.6491,24,0,8.94427,59,3,78,80,118,0,-1,3,77,115,116,48.9898,155,3,75,76,73,64.1249,5,3,70,69,62,8.94427,19,0,15,41,19,20,21,22,23,39,40,42,43,58,59,76,77,78,)
(4,22,0,14.4403,4,0,8,44,0,14.4222,100,2,79,118,72.4431,363,3,78,116,148,48.4974,123,3,75,77,76,68.1175,5,3,70,90,69,8.94427,20,0,15,42,20,21,22,23,24,40,41,43,44,59,60,77,78,79,)
(4,23,0,11.3368,4,0,4,44,0,8.94427,80,0,88.0909,438,3,147,186,185,71.2181,290,3,78,77,75,72.111,5,3,74,73,70,8.94427,21,0,13,43,21,22,23,24,41,42,44,59,60,78,79,80,)
(4,24,0,8.97344,4,0,0,-1,0,0,-1,0,88.0909,437,3,205,246,245,70.7673,273,3,77,76,113,76.1052,5,3,75,74,73,8.94427,22,0,11,44,4,22,23,24,42,43,59,60,79,80,)
(8,5,0,17.8885,9,0,80.8982,4,3,69,107,73,8.94427,82,3,213,121,136,84.0952,420,3,191,212,153,0,-1,0,0,-1,0,0,-1,0,12,45,5,6,25,26,27,46,47,61,62,81,82,)
(8,6,0,30.4631,0,0,76.9449,4,3,70,90,108,0,-1,3,107,126,214,84.0952,419,3,191,171,212,8.94427,81,0,4,45,0,8.94427,5,0,15,46,5,6,7,25,26,27,28,45,47,48,61,62,81,82,)
(8,7,0,30.4631,1,0,72.9967,4,3,69,90,73,0,-1,3,107,144,215,0,-1,3,102,134,133,0,-1,3,62,61,82,8,45,0,11.3137,5,0,16,47,6,7,8,25,26,27,28,29,45,46,48,49,61,62,82,)
(8,8,0,30.4631,2,0,69.0545,4,3,69,90,73,0,-1,3,108,144,146,0,-1,3,152,191,211,0,-1,3,62,82,102,12.6491,25,1,61,14.4222,5,0,14,48,7,8,9,26,27,28,29,30,46,47,49,50,62,)
(8,9,0,30.4631,3,0,65.1193,4,3,70,90,111,0,-1,3,107,140,145,0,-1,3,191,212,153,0,-1,3,82,81,102,16.4924,25,2,61,62,17.8885,5,0,13,49,8,9,10,27,28,29,30,31,47,48,50,51,)
(8,10,0,26.8328,3,0,61.1925,4,3,69,73,112,0,-1,3,107,126,111,0,-1,3,217,212,211,0,-1,3,82,102,120,21.5407,5,3,61,62,81,17.8885,6,0,13,50,9,10,11,28,29,30,31,32,48,49,51,52,)
(8,11,0,23.3238,3,0,57.2759,4,3,70,74,58,0,-1,3,90,126,111,0,-1,3,440,216,215,0,-1,3,102,120,134,25.2982,5,3,62,61,82,17.8885,7,0,14,51,10,11,12,29,30,31,32,33,49,50,52,53,69,)
(12.6491,0,0,20,3,0,53.3716,4,3,58,114,116,0,-1,3,69,90,126,0,-1,3,140,158,178,0,-1,3,102,120,134,29.1204,5,3,62,61,82,17.8885,8,0,15,52,11,12,13,30,31,32,33,34,50,51,53,54,69,70,)
(12.6491,1,0,17.8885,17,0,49.4825,4,2,58,60,57.8273,282,3,146,130,185,57.4108,308,3,107,158,178,18.3303,85,3,102,120,119,32.9848,5,3,62,61,82,17.8885,9,0,17,53,12,13,14,31,32,33,34,35,51,52,54,55,69,70,71,90,)
(12.6491,0,0,17.8885,18,0,45.6127,4,2,58,79,53.8145,281,3,130,146,184,84.3801,430,3,107,217,216,18.3303,86,3,120,119,214,36.8782,5,3,62,61,82,17.8885,10,0,19,54,13,14,15,32,33,34,35,36,52,53,55,56,69,70,71,72,90,91,)
(12.6491,1,0,17.8885,19,0,41.7675,4,3,76,58,78,53.8145,282,3,144,130,146,85.5102,425,3,217,216,273,18.3303,87,3,107,215,214,40.7922,5,3,62,61,82,17.8885,11,0,21,55,14,15,16,33,34,35,36,37,53,54,56,57,69,70,71,72,73,90,91,92,)
(12.6491,2,0,17.8885,20,0,37.9542,4,3,58,75,77,48.4974,265,3,73,112,114,86.3481,425,3,144,241,273,36.1066,196,3,107,216,215,44.7214,5,3,62,61,82,17.8885,12,0,20,56,15,16,17,34,35,36,37,38,54,55,57,70,71,72,73,74,91,92,93,)
(12.6507,3,0,17.8897,21,0,34.18,4,3,76,78,60,32.2497,185,3,74,114,130,87.3615,425,3,144,204,243,52,273,3,217,216,215,48.6625,5,3,70,69,52,20.001,0,0,20,57,16,17,18,35,36,37,38,39,55,56,58,71,72,73,74,75,92,93,94,)
(8.0025,19,0,26.8379,4,0,21.5416,24,3,80,78,60,28.285,150,3,149,186,208,56.2711,310,3,144,147,205,0,-1,3,74,73,111,56.5689,5,3,70,90,69,26.8336,0,0,18,58,18,19,20,37,38,39,40,41,57,73,74,75,76,77,94,95,96,)
(8,23,0,14.4403,4,0,4,60,0,8.94427,100,0,84.0952,438,3,148,186,206,65.1154,273,3,77,146,145,72.4431,5,3,76,75,58,30.4631,3,0,16,59,22,23,24,41,42,43,44,60,77,78,79,80,98,99,100,)
(12.6698,4,0,0,-1,0,0,-1,0,0,-1,0,84.0952,437,3,148,246,245,76.844,271,3,147,146,145,76.4199,5,3,58,74,73,17.8885,20,0,12,60,23,24,42,43,44,59,78,79,80,99,100,)
(12.6491,6,0,20,9,3,47,10,12,4,62,3,48,50,52,8.94427,102,3,213,135,121,80.0999,420,3,191,212,153,0,-1,0,0,-1,0,0,-1,0,11,61,25,26,45,46,47,62,81,82,101,102,)
(12.6491,5,0,0,-1,3,47,8,10,0,-1,3,49,51,69,0,-1,3,214,136,104,80.0999,419,3,191,171,212,8.94427,101,0,4,61,0,8.94427,25,0,13,62,25,26,27,45,46,47,48,61,81,82,101,102,)
(0,-1,1,7,39.5983,3,2,10,12,73.8293,4,3,51,68,107,26.8328,125,3,123,155,140,80.4986,419,3,134,153,171,0,-1,3,101,119,133,0,-1,0,0,-1,2,5,25,8,63,64,65,83,84,85,103,104,)
(0,-1,1,8,36,3,2,11,13,69.9338,4,3,68,52,70,23.3238,125,3,123,137,155,77.0454,399,3,153,173,191,8.94427,103,3,102,120,101,4,63,1,61,0,-1,3,5,6,25,10,64,63,65,66,83,84,85,86,103,104,)
(0,-1,1,9,32.4962,3,2,11,12,66.051,4,3,90,112,145,70.0857,248,3,123,107,137,12.6491,122,3,136,154,155,17.9148,135,3,102,120,101,8,63,3,62,61,45,0,-1,3,7,6,5,10,65,63,64,66,83,84,85,86,87,104,)
(0,-1,1,10,29.0922,3,0,62.1724,4,3,90,112,58,71.3187,285,3,107,126,158,21.5417,156,3,123,155,154,16.971,121,3,122,102,120,12.651,83,3,62,46,82,0,-1,3,8,7,6,9,66,64,65,84,85,86,87,88,105,)
(12.9236,12,1,10,30.5781,18,0,58.2727,4,3,90,112,58,9.04566,89,3,107,126,158,8.1132,105,3,440,216,215,17.9399,103,3,120,119,134,16.5481,83,3,48,47,46,0,-1,3,9,8,7,1,67,)
(16.5615,0,1,52,30.5005,19,0,54.4116,4,3,58,149,44,0,-1,3,90,108,140,0,-1,3,158,178,440,0,-1,3,120,134,152,12.8916,85,3,49,48,47,0,-1,3,51,50,10,1,68,)
(16.4966,1,0,30.4654,20,0,50.5977,4,3,58,40,149,65.1164,299,3,108,145,147,0,-1,3,107,140,178,0,-1,3,213,134,212,16.4059,65,3,50,49,48,14.427,11,3,52,51,10,15,69,32,33,34,51,52,53,54,55,70,71,90,91,107,108,)
(16.4924,0,0,26.8328,20,1,21,41.7612,132,3,58,39,41,52.3068,282,3,130,146,185,80.399,430,3,217,216,215,0,-1,3,107,214,213,20.3961,65,3,51,50,49,23.3238,9,3,7,8,52,18,70,33,34,35,52,53,54,55,56,69,71,72,90,91,92,107,108,109,)
(16.4924,1,0,26.8328,21,3,38,19,22,37.9473,132,3,58,40,23,50.2792,282,3,144,130,146,81.5843,425,3,217,216,290,18.3303,139,3,107,215,214,34.176,7,3,52,51,50,30.4631,8,0,20,71,34,35,36,53,54,55,56,57,69,70,72,73,90,91,92,93,108,109,110,)
(16.4924,2,1,17,16.9706,19,3,39,20,22,34.176,132,3,58,41,24,44.8999,265,3,144,130,146,82.4621,425,3,217,273,338,32.6142,196,3,216,215,214,45.607,5,3,51,50,49,30.4631,9,0,20,72,35,36,37,54,55,56,57,70,71,73,74,90,91,92,93,94,109,110,111,)
(16.4924,3,1,18,0,-1,3,38,58,40,29.1204,118,2,44,60,45.607,248,3,145,148,184,86.1626,423,3,144,243,441,52.0002,290,3,217,216,215,49.4773,5,3,51,50,49,30.4631,10,2,0,1,20,73,36,37,38,55,56,57,58,71,72,74,75,91,92,93,94,95,110,111,112,)
(0,-1,3,38,19,18,20,22,3,58,39,20,25.2982,118,2,44,60,26.8328,132,3,148,186,150,84.7585,425,3,144,204,242,60.9263,318,3,178,198,217,53.3667,5,3,51,50,49,25.6125,0,3,16,3,2,19,74,37,38,39,56,57,58,72,73,75,76,92,93,94,95,96,111,112,113,)
(12.6491,20,1,18,8.94427,40,3,41,21,23,21.5407,118,1,44,23.3238,132,3,148,150,186,48.3322,296,3,144,185,242,60.0084,289,3,158,440,216,57.2713,5,3,51,11,50,0,-1,3,38,17,16,18,75,38,39,40,57,58,73,74,76,77,93,94,95,96,97,112,113,114,)
(0,-1,2,20,40,0,-1,3,41,22,24,16.4924,60,0,22.6274,150,3,148,168,208,48.8262,296,3,146,184,186,42.7982,196,3,144,178,198,60.531,25,3,12,51,11,22.6274,3,3,39,16,2,17,76,39,40,41,58,74,75,77,78,94,95,96,97,98,113,114,115,)
(0,-1,3,22,41,21,0,-1,2,23,44,12.6491,60,0,23.3238,168,3,149,188,208,47.062,278,3,146,148,185,82.3709,385,3,145,144,140,64.4981,25,3,13,12,51,35.7771,0,3,40,39,38,18,77,40,41,42,58,59,75,76,78,79,95,96,97,98,99,114,115,116,)
(0,-1,3,21,22,23,20.0131,4,1,24,8,80,0,17.8885,150,0,46.9905,279,3,148,186,185,59.4644,273,3,146,145,140,68.469,25,3,58,13,12,0,-1,3,41,40,39,18,78,41,42,43,59,60,76,77,79,80,96,97,98,99,100,115,116,117,)
(12.6491,22,0,17.9031,4,0,4,80,0,8.94427,118,0,80.0999,438,3,186,185,246,71.225,271,3,147,146,145,64.1251,63,3,58,38,13,0,-1,3,41,21,40,16,79,42,43,44,59,60,77,78,80,97,98,99,100,116,117,118,)
(16.5083,4,0,0,-1,0,0,-1,0,0,-1,0,80.0999,437,3,246,343,342,61.0574,174,3,148,147,146,68.1177,63,3,58,39,38,20,20,3,41,40,19,12,80,43,44,59,60,78,79,98,99,100,117,118,)
(16.4924,6,0,17.8885,7,3,47,8,49,4,82,3,50,52,69,8.94427,120,3,212,153,135,76.1052,420,3,171,211,271,0,-1,0,0,-1,0,0,-1,0,10,81,45,46,61,62,82,101,102,119,120,)
(16.4924,5,1,7,0,-1,3,47,8,49,0,-1,3,51,70,85,0,-1,3,213,122,154,76.1052,419,3,191,212,153,8.94427,119,0,4,81,0,8.94427,45,0,11,82,45,46,47,61,62,81,101,102,119,120,)
(4,63,3,6,7,8,8.94427,65,3,49,51,9,74.7982,4,3,68,107,126,8.94427,122,3,123,155,174,76.5248,419,3,152,173,191,0,-1,3,119,133,151,0,-1,0,0,-1,3,5,25,45,10,83,63,64,65,84,85,103,104,121,122,)
(4,64,3,7,8,9,39.598,17,3,50,52,10,70.9559,4,3,68,107,90,0,-1,3,123,155,140,69.1665,381,3,173,171,191,8.94469,121,3,120,134,119,4,83,1,81,5.65686,63,3,46,45,25,12,84,63,64,65,66,83,85,86,103,104,121,122,)
(4,65,3,8,9,10,39.598,18,2,12,51,67.1322,4,3,69,107,90,17.8885,125,3,123,155,140,0,-1,3,136,172,174,14.4548,135,3,122,120,134,8,83,3,82,81,61,8.94427,63,3,47,46,45,13,85,63,64,65,66,83,84,86,87,103,104,105,122,)
(4.00555,66,3,9,10,11,39.598,19,1,52,63.3304,4,3,90,70,111,68.9348,285,3,123,140,178,0,-1,3,137,175,174,8.94427,104,3,122,121,136,12.6491,103,3,82,62,102,8.94427,64,3,48,47,46,12,86,64,65,66,84,85,87,88,104,105,106,123,)
(16.9706,12,1,10,39.598,20,0,54.5527,24,3,90,73,112,65.7267,285,3,126,158,198,25.3427,197,3,174,173,215,0,-1,3,122,121,136,16.4924,103,3,82,62,102,8.94427,65,3,49,48,47,11,87,65,66,85,86,88,89,105,106,123,124,)
(20.7846,0,0,36,20,1,21,55.8099,4,3,73,58,130,71.5542,376,3,126,158,240,63.2456,356,3,174,216,215,8.94427,123,3,122,136,135,20.3961,63,3,121,102,82,20.3961,9,3,50,49,48,10,88,66,86,87,89,105,106,123,124,125,)
(20.7846,1,0,39.598,22,2,20,38,46.9894,24,2,58,130,69.857,376,3,144,204,186,77.0454,430,3,198,216,440,26.8328,194,3,174,136,135,24.3311,63,3,122,121,102,25.923,8,3,51,50,49,7,89,87,88,105,106,124,125,)
(21.5407,3,0,28.8444,20,3,38,19,40,40.7922,60,3,58,148,150,59.4643,299,3,144,146,184,76.4199,426,3,217,216,318,0,-1,3,107,215,214,0,-1,3,49,48,47,20,11,3,52,51,50,16,90,53,54,55,69,70,71,72,91,92,107,108,109,110,126,127,)
(21.5407,0,0,39.3954,24,3,18,58,39,36.8782,60,3,44,149,150,51.225,284,3,130,146,148,77.666,425,3,217,290,338,18.3303,157,3,216,215,214,16.7039,67,3,50,49,48,25.6125,10,3,52,51,9,20,91,54,55,56,69,70,71,72,73,90,92,93,107,108,109,110,111,126,127,128,)
(21.5407,1,0,41.1889,4,3,38,58,40,32.9848,60,2,44,150,44.8999,282,3,144,146,184,78.5875,425,3,241,342,350,29.2521,196,3,217,216,215,28.5657,65,3,51,50,49,32.249,9,3,7,8,52,21,92,55,56,57,70,71,72,73,74,90,91,93,94,108,109,110,111,112,127,128,129,)
(20.3961,3,3,2,18,38,25.6125,22,3,58,39,41,29.1204,60,0,36.8782,208,3,145,147,184,78.5875,426,3,144,243,321,44.7216,273,3,440,216,215,36.4417,64,3,52,51,50,39.3954,8,0,19,93,56,57,71,72,73,74,75,91,92,94,95,109,110,111,112,113,128,129,)
(4,74,3,39,38,19,20,21,3,58,41,20,25.2982,60,0,25.6125,186,3,130,148,150,41.9524,282,3,145,144,204,57.2714,318,3,158,216,215,46.8188,7,3,52,51,50,39.3954,9,1,0,19,94,57,58,72,73,74,75,76,92,93,95,96,110,111,112,113,114,129,130,)
(16.4924,20,3,18,38,40,8.94427,77,3,41,21,23,21.5407,60,0,8.94427,115,3,147,186,149,41.071,278,3,144,185,242,37.1979,196,3,178,198,440,54.4059,6,3,52,51,50,39.3954,10,3,17,16,3,17,95,58,73,74,75,76,77,93,94,96,97,111,112,113,114,115,130,)
(16.4924,19,2,21,40,17.8885,60,3,44,22,24,16.4924,80,0,17.8885,132,3,148,150,188,42.0336,278,3,146,184,186,76.9479,385,3,144,140,158,62.0967,5,3,51,50,49,39.3954,11,3,38,17,16,17,96,58,74,75,76,77,78,94,95,97,98,112,113,114,115,116,130,)
(4,77,3,40,22,21,16.9706,44,3,4,23,24,12.6491,80,0,23.3238,188,2,149,208,4,115,3,148,146,186,56.8508,290,3,145,140,178,65.9697,5,3,51,11,50,39.3954,12,3,39,19,18,15,97,75,76,77,78,79,95,96,98,99,113,114,115,116,117,)
(12.6491,43,2,22,41,23.335,4,0,8,100,0,17.8885,168,0,76.4199,438,3,148,147,186,48.4985,175,3,146,145,144,69.857,5,3,140,12,51,34.4093,2,3,40,39,20,17,98,59,76,77,78,79,80,96,97,99,100,114,115,116,117,118,131,)
(21.5528,4,1,22,8.94427,60,0,4,100,0,8.94427,132,0,76.1052,438,3,185,246,245,50.3556,196,3,147,146,145,73.7564,5,3,140,13,12,44.7214,0,3,41,21,40,16,99,59,60,77,78,79,80,97,98,100,115,116,117,118,131,132,)
(20.4089,4,0,0,-1,0,0,-1,0,0,-1,0,76.1052,437,3,343,342,376,53.8859,196,3,147,146,184,77.666,5,3,140,13,12,17.8885,22,3,41,21,40,13,100,59,60,78,79,80,98,99,116,117,118,131,132,)
(21.5407,7,0,8.94427,62,3,47,8,49,4,102,3,104,85,69,8.94427,134,3,171,212,153,72.111,420,3,191,252,302,0,-1,0,0,-1,0,0,-1,0,10,101,61,62,81,82,102,119,120,133,134,)
(20.3961,5,3,7,8,47,0,-1,3,48,9,50,0,-1,3,105,70,86,0,-1,3,213,136,215,72.111,419,3,191,212,153,8.94427,133,0,4,101,0,8.94427,61,0,10,102,61,62,81,82,101,119,120,133,134,)
(8,63,3,47,7,6,17.9399,67,3,49,51,10,75.9656,4,3,123,107,69,8.94427,136,3,173,137,175,72.5537,419,3,212,252,271,18.3315,169,2,133,151,0,-1,0,0,-1,3,25,45,61,11,103,63,64,83,84,85,104,121,122,135,136,)
(8,64,3,48,8,7,40.1995,3,3,50,68,52,20.3961,89,3,123,107,90,0,-1,3,137,174,158,65.238,381,3,173,171,212,27.1293,209,3,134,152,133,4,103,1,101,8.94427,63,3,62,46,61,13,104,63,64,65,83,84,85,86,103,121,122,135,136,)
(25.6125,0,2,11,51,61.0143,4,3,69,17,38,55.857,24,3,108,73,130,63.3719,285,3,140,178,198,21.5928,197,3,174,215,214,0,-1,3,136,135,173,16.4924,83,3,122,121,102,17.8885,63,3,49,48,47,13,105,66,85,86,87,88,89,106,123,124,125,137,138,)
(25.6125,1,3,68,52,12,57.365,4,3,70,17,38,50.7543,188,3,130,147,149,60.1332,285,3,140,178,240,59.4643,356,3,216,215,214,8.94427,137,3,174,136,173,21.5407,63,3,122,121,135,17.8885,64,3,50,49,48,12,106,86,87,88,89,105,123,124,125,137,138,139,)
(0,-1,3,69,52,13,48.3322,24,3,90,70,38,46.8188,188,3,130,146,148,56.8507,285,3,240,204,206,0,-1,3,158,198,440,0,-1,3,214,213,253,0,-1,3,62,61,45,0,-1,3,51,50,10,10,107,69,70,90,91,108,109,126,127,140,)
(25.2982,3,0,50.1251,4,3,58,39,20,41.7612,60,3,145,130,147,56.5685,299,3,204,206,248,72.4431,426,3,217,216,290,0,-1,3,215,214,213,4.00001,107,3,46,62,45,0,-1,3,69,52,51,15,108,69,70,71,90,91,92,107,109,110,126,127,128,140,141,)
(25.2982,0,1,17,34.4093,22,3,38,58,40,37.9473,60,3,130,146,148,53.8145,299,3,144,185,204,73.7564,425,3,217,338,333,14.9666,157,3,216,215,214,12.6491,106,3,47,46,62,25.6125,11,3,52,51,50,19,109,70,71,72,90,91,92,93,107,108,110,111,126,127,128,129,140,141,142,)
(25.2982,1,0,31.241,22,3,38,58,40,34.176,60,3,130,147,149,41.3763,282,3,145,185,204,74.7262,425,3,242,338,343,39.3957,273,3,217,216,215,16.4924,106,3,48,47,46,31.241,10,3,52,51,50,20,110,71,72,73,90,91,92,93,94,108,109,111,112,126,127,128,129,141,142,143,)
(25.2982,2,3,18,19,38,30.4631,60,3,58,39,20,29.1204,80,3,132,149,150,0,-1,3,144,130,146,75.8947,425,3,243,321,338,52.0002,318,3,158,178,217,21.5936,68,3,49,48,47,34.4093,10,3,52,51,50,20,111,72,73,74,91,92,93,94,95,109,110,112,113,127,128,129,130,142,143,144,)
(25.2982,3,2,18,38,26.8328,60,3,41,21,23,25.2982,80,3,132,149,150,31.241,208,3,130,146,184,0,-1,3,144,243,242,31.6178,196,3,140,178,198,28.2843,105,3,50,49,48,41.1825,9,3,52,1,51,19,112,73,74,75,92,93,94,95,96,110,111,113,114,128,129,130,143,144,145,)
(20,19,3,38,21,18,23.3238,60,3,41,22,24,21.5407,80,1,150,17.8885,185,3,147,186,149,40.398,296,3,205,244,242,0,-1,3,144,178,198,33.0911,67,3,51,50,49,48.3322,8,3,16,3,0,18,113,74,75,76,93,94,95,96,97,111,112,114,115,129,130,144,145,146,)
(20.3961,19,3,40,20,18,22.6274,44,3,4,23,24,16.4924,100,0,0,-1,3,147,149,186,0,-1,3,146,185,205,64.4982,351,3,145,178,241,55.7136,7,3,140,52,51,52,8,3,38,17,16,17,114,75,76,77,94,95,96,97,98,112,113,115,116,130,145,146,147,)
(21.5407,23,3,40,20,22,28.8535,4,0,12.6491,100,0,0,-1,3,148,150,188,0,-1,3,147,186,185,39.6841,176,3,146,145,144,59.4643,7,3,140,52,51,52,9,3,39,38,17,18,115,76,77,78,95,96,97,98,99,113,114,116,117,130,131,146,147,148,)
(21.5407,24,3,41,22,21,26.8426,4,0,8,118,0,11.3137,150,3,149,168,188,68.469,418,3,148,186,206,0,-1,3,147,146,145,67.0522,6,3,130,140,158,52,10,3,40,39,19,18,116,77,78,79,96,97,98,99,100,114,115,117,118,131,132,147,148,149,)
(25.3086,4,2,21,22,8.94427,80,0,4,118,0,8.94427,150,0,72.111,438,3,246,245,283,39.598,280,3,148,147,185,74.7262,5,3,130,144,126,48.3322,12,3,41,40,39,16,117,78,79,80,97,98,99,100,115,116,118,131,132,148,149,150,)
(24.3418,4,0,0,-1,0,0,-1,0,0,-1,0,72.111,437,3,343,342,341,62.4821,290,3,147,146,204,78.5875,5,3,130,145,144,46.6476,1,3,41,21,40,12,118,79,80,98,99,100,116,117,131,132,149,150,)
(25.2982,7,0,8.94427,82,3,47,8,49,4,120,3,122,105,155,20.3961,192,3,191,171,212,68.1175,420,3,211,316,331,0,-1,0,0,-1,0,0,-1,0,10,119,81,82,101,102,120,133,134,151,152,)
(24.3311,5,3,7,8,47,0,-1,3,48,9,50,0,-1,3,105,123,137,0,-1,3,213,253,154,68.1175,419,3,171,211,251,8.94427,151,0,4,119,0,8.94427,81,0,10,120,81,82,101,102,119,133,134,151,152,)
(12.6494,64,3,47,46,7,16.971,66,3,86,49,67,4.00094,122,3,105,123,137,17.8888,193,3,173,155,175,68.5807,419,3,212,253,288,18.3115,189,0,0,-1,0,0,-1,3,45,61,81,9,121,83,84,103,104,122,135,136,154,)
(12.6491,63,3,48,47,8,0,-1,3,85,66,87,0,-1,3,105,123,137,0,-1,3,174,155,215,64.5926,404,3,173,171,212,27.1293,229,2,151,152,4.00094,121,1,119,8.94427,83,3,82,62,81,10,122,83,84,85,103,104,121,135,136,154,)
(8,87,3,67,66,51,62.6956,4,3,69,90,16,54.5527,60,3,126,111,144,61.1882,285,3,158,198,440,64.5841,403,3,174,215,253,0,-1,3,173,154,172,0,-1,3,104,122,103,0,-1,3,86,85,65,13,123,86,87,88,105,106,124,125,137,138,139,155,156,)
(8,88,3,68,67,52,59.1501,4,3,90,70,16,50.7543,60,2,130,206,57.8273,285,3,158,198,441,61.2617,383,3,216,215,273,17.8885,194,3,174,173,154,4,123,3,104,122,103,16.9706,65,3,85,50,84,14,124,87,88,89,105,106,123,125,137,138,139,155,156,157,)
(29.3939,2,3,68,52,12,55.6663,4,3,18,58,40,46.9894,60,2,130,132,62.6099,376,3,296,206,266,69.1665,430,3,198,217,440,22.6274,193,3,173,214,213,8,123,3,104,122,84,26.8328,63,3,67,51,50,12,125,88,89,105,106,123,124,137,138,139,156,157,)
(29.1204,3,2,12,69,40,22,3,58,39,19,43.0813,60,3,118,130,132,51.225,285,3,206,248,298,68.469,426,3,217,216,290,0,-1,3,215,214,213,0,-1,3,62,61,153,5.65686,107,3,52,51,11,14,126,90,91,107,108,109,110,127,128,140,141,142,158,159,)
(29.1204,0,1,17,39.3954,60,3,38,58,40,37.9473,80,3,130,114,116,50.9117,299,3,204,206,283,69.857,425,3,217,350,375,15.193,177,3,216,215,214,4,126,3,171,62,61,26.8328,12,3,52,51,11,19,127,90,91,92,107,108,109,110,111,126,128,129,140,141,142,143,158,159,160,)
(29.1204,1,2,18,38,8.94427,93,3,111,74,76,34.176,188,3,130,113,115,48.1664,299,3,204,206,246,70.8802,425,3,342,375,377,39.3957,290,3,216,215,214,16.9706,106,3,46,171,62,31.241,11,3,52,51,50,20,128,91,92,93,108,109,110,111,112,126,127,129,140,141,142,143,144,159,160,161,)
(29.1211,2,2,18,38,23.3247,40,3,112,76,58,29.1211,168,3,130,114,116,35.9783,282,3,204,206,246,72.1113,425,3,338,343,361,52,334,3,216,215,214,16.9245,139,3,108,126,107,36.8787,10,3,52,51,50,20,129,92,93,94,109,110,111,112,113,127,128,130,141,142,143,144,145,160,161,162,)
(24.0008,19,3,38,41,21,28.285,44,2,22,24,21.5416,100,3,116,118,132,25.6133,208,3,205,228,246,33.301,278,3,204,245,312,68.0046,385,3,216,276,215,29.3673,156,3,126,108,90,0,-1,3,112,111,73,18,130,94,95,96,111,112,113,114,115,129,143,144,145,146,147,162,163,164,)
(29.1294,4,3,21,22,41,8.94427,100,0,4,132,0,8.94427,168,0,68.1175,438,3,246,343,342,66.5792,288,3,204,205,244,48.8262,155,3,114,113,130,50.1199,12,3,115,40,39,16,131,98,99,100,115,116,117,118,132,147,148,149,150,166,167,168,)
(28.2935,4,0,0,-1,0,0,-1,0,0,-1,0,68.1175,437,3,343,376,396,82.4621,269,3,206,205,245,73.5391,251,3,130,112,111,60.9262,10,3,41,21,40,12,132,99,100,116,117,118,131,148,149,150,167,168,)
(28.2843,6,2,7,47,8.94427,102,3,48,8,103,4,134,3,135,105,175,44.7325,317,3,191,171,213,64.1249,420,3,316,331,349,0,-1,0,0,-1,0,0,-1,0,10,133,101,102,119,120,134,151,152,169,170,)
(28.2843,5,3,47,8,63,0,-1,3,49,104,9,0,-1,3,155,123,198,0,-1,3,212,153,214,64.1249,419,3,191,251,288,8.94427,169,0,4,133,0,8.94427,101,0,10,134,101,102,119,120,133,151,152,169,170,)
(16.5209,64,3,62,47,46,17.9148,65,3,105,86,66,4.1158,136,3,155,123,137,79.4038,378,3,174,213,215,64.5692,419,3,212,253,288,18.1434,209,0,0,-1,1,133,0,-1,3,61,81,101,9,135,103,104,121,122,136,153,154,172,)
(16.4924,63,3,85,65,48,0,-1,3,105,86,66,0,-1,3,155,123,137,0,-1,3,173,175,214,67.1714,427,3,212,211,252,27.1293,249,0,4.1158,135,1,133,8.94427,103,3,102,82,101,9,136,103,104,121,122,135,154,172,173,)
(12.6491,88,3,86,67,66,64.5813,4,3,107,69,90,55.857,60,3,140,111,145,62.2254,344,3,178,217,440,65.238,422,3,215,214,253,0,-1,3,174,173,172,0,-1,3,154,122,121,0,-1,3,104,85,65,14,137,105,106,123,124,125,138,139,155,156,157,174,175,176,)
(12.6491,87,3,68,67,52,61.1452,4,3,108,90,70,50.7543,80,3,113,205,208,55.7136,285,3,178,440,240,66.0908,422,3,216,215,273,16.9706,193,3,173,214,213,4,137,3,154,122,103,17.8898,66,3,86,85,65,14,138,105,106,123,124,125,137,139,155,156,157,175,176,177,)
(34.4093,3,3,68,70,52,57.7818,4,3,58,39,41,46.9894,228,2,113,206,52.3068,285,3,296,310,266,65.238,430,3,217,216,440,23.3238,192,3,215,214,213,8,137,3,104,122,103,22.6274,65,3,67,85,84,12,139,106,123,124,125,137,138,155,156,157,176,177,)
(32.9848,3,3,12,52,69,32.249,18,3,112,38,58,43.0813,80,3,114,116,206,48.8262,285,3,205,298,312,65.1153,425,3,217,290,318,0,-1,3,216,215,214,0,-1,3,171,153,152,8.94428,107,3,51,11,50,14,140,107,108,109,126,127,128,141,142,158,159,160,178,179,)
(32.9848,0,1,17,37.7359,59,3,111,75,38,36.8782,188,3,114,116,208,45.607,285,3,205,283,228,65.9697,425,3,372,376,324,30.4634,273,3,217,216,215,4,140,3,191,171,153,30.4631,12,3,69,52,51,18,141,108,109,110,126,127,128,129,140,142,143,158,159,160,161,178,179,180,)
(34.176,0,3,73,38,18,34.4093,21,3,112,114,76,34.176,208,2,115,118,45.2548,299,3,204,206,283,67.0522,425,3,338,372,341,40.0126,289,3,216,215,214,12.6491,139,3,191,171,153,34.4093,11,3,52,51,50,20,142,109,110,111,126,127,128,129,140,141,143,144,158,159,160,161,162,179,180,181,)
(34.176,1,3,74,58,38,26.8328,99,3,112,114,75,29.1204,188,2,116,118,42.5206,299,3,204,206,246,68.352,425,3,338,343,341,60.9342,385,3,216,215,214,16.9706,125,3,191,211,171,36.8782,11,3,70,52,13,20,143,110,111,112,127,128,129,130,141,142,144,145,159,160,161,162,163,180,181,182,)
(0,-1,3,112,73,75,33.9411,44,3,113,76,116,25.2982,188,1,118,27.1293,265,3,204,245,206,29.3939,281,3,293,338,337,69.857,425,3,216,215,214,29.3939,105,3,212,191,211,39.598,11,3,111,90,52,19,144,111,112,113,128,129,130,142,143,145,146,160,161,162,163,164,181,182,183,)
(28,19,3,74,38,41,0,-1,3,114,77,116,21.5407,188,1,118,23.3238,208,3,205,246,266,29.5098,278,3,204,326,321,52.1538,334,3,216,276,215,33.2265,105,3,108,213,212,27.1293,89,3,112,111,73,18,145,112,113,114,129,130,143,144,146,147,161,162,163,164,165,182,183,184,)
(0,-1,3,114,75,77,0,-1,3,115,118,78,16.4924,132,0,20,208,3,206,248,285,29.3957,279,3,204,244,246,54.4131,288,3,276,216,293,37.0945,105,3,108,107,214,42.5206,0,3,112,111,90,17,146,113,114,115,130,144,145,147,148,162,163,164,165,166,183,184,185,)
(0,-1,3,115,76,78,8.94427,131,3,116,100,79,12.6491,132,0,30.4631,285,2,248,268,29.3939,280,3,204,206,244,57.6956,288,3,276,293,307,41.9524,87,3,108,107,215,55.5698,9,3,113,114,111,18,147,114,115,116,130,131,145,146,148,149,163,164,165,166,167,184,185,186,)
(28.2843,23,3,116,79,78,14.4222,100,1,80,8,150,0,17.8885,228,0,36.8782,313,3,206,205,246,60.9262,252,3,204,243,276,73.5391,269,3,108,90,107,0,-1,3,113,115,114,18,148,115,116,117,131,132,146,147,149,150,164,165,166,167,168,185,186,187,)
(32.9928,4,3,21,22,41,8.94427,118,0,4,150,0,8.94427,188,0,64.1249,438,3,246,343,342,62.6179,271,3,205,204,244,77.2528,269,3,112,111,108,0,-1,3,116,115,113,16,149,116,117,118,131,132,147,148,150,165,166,167,168,186,187,188,)
(32.2571,4,0,0,-1,0,0,-1,0,0,-1,0,64.1249,437,3,343,376,396,66.2194,271,3,206,205,245,80.9938,269,3,113,112,111,45.2548,3,3,115,114,75,12,150,117,118,131,132,148,149,166,167,168,187,188,)
(32.249,6,3,7,8,47,11.9713,121,3,122,103,48,12.6491,154,3,173,217,175,62.3538,355,3,213,215,273,60.1332,420,3,331,349,383,0,-1,0,0,-1,0,0,-1,0,10,151,119,120,133,134,152,169,170,189,190,)
(32.249,5,3,47,83,8,0,-1,3,122,104,84,0,-1,3,174,155,198,0,-1,3,171,212,253,60.1332,419,3,211,302,331,8.94427,189,0,4,151,0,8.94427,119,0,11,152,119,120,133,134,151,169,170,189,190,191,)
(16.5961,84,3,102,82,63,9.13401,122,3,85,105,66,0,-1,3,174,155,137,9.13401,192,3,173,214,216,60.5691,419,3,212,253,288,18.017,229,0,8.28334,151,0,0,-1,3,134,119,101,3,153,135,171,)
(20.3961,63,3,85,65,48,0,-1,3,105,86,123,21.5928,197,3,155,137,178,73.7564,378,3,214,216,273,64.7457,428,3,212,252,271,27.1293,269,0,12.6491,151,0,8.94469,121,3,120,102,119,10,154,121,122,135,136,172,173,174,192,193,)
(16.4924,88,3,86,67,66,66.6539,4,3,107,126,90,54.5527,100,3,158,144,130,48.3322,355,3,198,217,440,61.3188,422,3,215,273,290,14.4222,192,3,213,212,191,12.6491,172,3,154,171,153,0,-1,3,104,85,122,16,155,123,124,137,138,139,156,157,173,174,175,176,177,194,195,196,)
(21.5417,66,3,68,67,52,63.3304,4,3,126,108,90,50.7543,100,3,205,208,118,48.4974,267,3,198,440,259,62.2254,422,3,216,290,304,17.8885,192,3,214,213,212,16.4924,172,3,154,136,153,8.94427,123,3,86,104,85,15,156,123,124,125,137,138,139,155,157,174,175,176,177,195,196,)
(38.1576,3,3,107,90,68,60.0894,4,3,112,38,58,46.9894,100,3,205,208,118,48.4974,268,3,441,296,310,46.8188,356,3,217,276,293,17.8885,193,3,215,214,213,21.5407,192,3,154,122,121,23.3248,66,3,104,85,65,12,157,124,125,137,138,139,155,156,175,176,177,196,)
(36.8782,3,3,107,69,52,42.5206,21,3,111,114,75,43.0813,100,3,205,116,208,46.6476,285,3,266,283,298,61.1882,425,3,217,290,338,0,-1,3,216,215,214,0,-1,3,191,171,153,0,-1,3,51,50,10,13,158,126,127,140,141,142,159,160,178,179,180,198,199,)
(36.8782,0,2,18,69,40,21,3,111,113,74,36.8782,132,2,205,208,43.2666,285,3,266,297,299,62.0967,425,3,338,341,375,48.8365,331,3,216,215,214,4,158,3,191,211,171,18.3303,89,3,52,51,11,18,159,126,127,128,140,141,142,143,158,160,161,178,179,180,181,198,199,200,)
(37.9473,0,3,38,19,17,37.7359,80,3,112,114,75,32.9848,132,2,205,208,40,285,3,283,298,311,63.2456,425,3,338,372,341,39.6079,288,3,216,215,214,12.6491,157,3,212,191,211,35.7771,12,3,52,51,11,21,160,127,128,129,140,141,142,143,144,158,159,161,162,178,179,180,181,182,199,200,201,)
(36.8782,2,3,112,74,58,39.598,44,3,113,76,116,29.1204,132,2,206,208,39.598,299,3,205,283,248,64.622,425,3,338,354,342,60.9262,405,3,216,215,214,17.1705,177,3,213,212,191,40,11,3,52,51,50,20,161,128,129,141,142,143,144,145,159,160,162,163,179,180,181,182,183,200,201,202,)
(21.5407,72,3,111,113,73,23.3238,77,3,115,78,118,25.2982,132,1,208,36.8782,299,3,204,206,246,25.6125,281,3,338,344,342,59.0675,385,3,216,276,215,25.6125,124,3,214,213,212,41.1825,0,3,70,52,51,20,162,129,130,142,143,144,145,146,160,161,163,164,180,181,182,183,184,201,202,203,)
(32,19,3,112,74,77,17.8885,131,3,115,118,78,21.5407,132,0,8.94427,185,3,204,245,206,25.7454,278,3,311,325,343,60.9262,269,3,276,293,307,29.3939,124,3,215,214,213,45.2548,11,3,111,90,69,19,163,130,143,144,145,146,147,161,162,164,165,181,182,183,184,185,202,203,204,)
(21.5407,74,3,114,75,77,20,118,3,116,100,79,16.4924,150,0,17.8885,208,3,205,228,246,25.6146,279,3,204,244,266,52.1612,288,3,276,293,307,64.622,269,3,215,214,213,39.598,87,3,112,111,73,19,164,130,144,145,146,147,148,162,163,165,166,182,183,184,185,186,203,204,205,)
(4,147,3,116,114,75,16.9706,118,3,100,80,60,12.6491,150,0,14.4222,208,3,206,248,285,20.7846,264,3,205,245,246,53.675,271,3,204,243,293,68.352,269,3,215,214,213,48.1664,0,3,113,112,111,18,165,145,146,147,148,149,163,164,166,167,183,184,185,186,187,204,205,206,)
(37.9542,4,3,116,115,78,17.8885,100,0,8,168,0,17.8885,248,0,60.531,438,3,206,246,285,57.28,271,3,204,205,244,72.111,269,3,108,215,214,54.4059,11,3,113,114,111,19,166,131,146,147,148,149,150,164,165,167,168,184,185,186,187,188,205,206,207,)
(36.8853,4,3,116,41,22,8.94427,132,0,4,168,0,8.94427,208,0,60.1332,438,3,343,342,341,60.9344,271,3,206,205,245,75.8947,269,3,108,107,214,64.4981,9,3,115,113,114,17,167,131,132,147,148,149,150,165,166,168,185,186,187,188,206,207,208,)
(36.2288,4,2,21,22,0,-1,0,0,-1,0,0,-1,0,60.1332,437,3,343,396,395,40.2843,277,3,206,205,204,79.6994,269,3,108,90,107,48.3336,69,3,116,115,113,13,168,131,132,148,149,150,166,167,186,187,188,207,208,)
(36.2215,6,3,47,63,7,18.3315,103,3,104,84,48,12.6491,172,3,214,173,216,71.3185,375,3,213,302,316,56.1427,420,3,331,366,401,0,-1,0,0,-1,0,0,-1,0,11,169,133,134,151,152,170,189,190,191,209,210,)
(36.2215,5,3,103,83,47,6.05093,153,3,136,122,104,4.19381,171,3,215,173,217,56.7098,355,3,213,273,302,56.1427,419,3,316,331,349,8.94427,209,0,4,169,0,8.94427,133,0,12,170,133,134,151,152,169,189,190,191,209,210,211,)
(16.2338,103,3,122,120,104,0,-1,3,105,86,123,0,-1,3,173,155,175,0,-1,3,212,253,214,58.2545,425,3,271,329,331,17.9329,249,0,8.09864,169,0,9.03261,151,3,152,134,133,3,171,153,191,)
(24.3311,63,3,85,65,62,0,-1,3,137,123,105,25.3427,218,3,178,158,198,71.218,378,3,214,216,273,59.5987,427,3,252,251,287,27.1293,286,0,12.6491,169,0,14.9666,133,3,134,120,119,9,172,135,136,154,173,174,192,193,194,)
(0,-1,3,122,104,84,17.8885,139,3,137,123,105,21.5928,218,3,178,158,198,68.1175,378,3,215,217,273,59.5987,428,3,253,252,331,32.4962,300,3,211,209,251,4,172,3,171,169,151,11.3552,135,3,153,136,134,11,173,136,154,155,172,174,175,192,193,194,195,)
(0,-1,3,123,105,87,72.1854,4,3,137,126,107,59.5987,100,3,178,158,198,65.1153,378,3,216,440,259,59.5987,429,3,253,333,365,31.496,286,3,212,211,252,8,172,3,171,153,152,8.94427,154,3,136,135,122,14,174,137,154,155,156,172,173,175,176,192,193,194,195,196,)
(21.5407,89,3,86,85,67,68.8972,4,3,140,126,107,55.8579,100,3,178,144,130,61.0582,431,3,217,440,259,59.5996,430,3,273,333,401,34.1776,286,3,213,212,211,12.6491,154,3,171,153,191,0,-1,3,136,122,104,14,175,137,138,155,156,157,173,174,176,177,193,194,195,196,)
(38.2469,15,3,107,86,68,57.0511,23,3,126,113,38,50.8215,268,2,118,244,56.8559,377,3,441,259,240,58.4365,422,3,290,321,372,39.5761,331,3,213,301,300,16.5108,154,3,171,153,191,8.97803,137,3,136,104,122,14,176,137,138,139,155,156,157,174,175,177,194,195,196,197,)
(42.0336,3,3,107,69,68,62.6134,4,3,111,75,38,47.062,268,1,118,44.7281,357,3,441,296,310,59.6559,422,3,290,304,318,41.3554,331,3,214,253,288,20.4109,154,3,136,171,153,26.851,66,3,86,104,85,12,177,138,139,155,156,157,175,176,195,196,197,218,)
(40.7922,3,3,107,69,52,46.6476,80,3,111,113,74,43.0813,268,3,118,206,208,39.3954,267,3,266,283,298,57.2713,425,3,338,372,392,0,-1,3,217,216,215,0,-1,3,213,212,211,0,-1,3,51,50,10,14,178,140,141,158,159,160,179,180,198,199,200,217,219,440,)
(40.7922,0,3,69,38,18,45.607,60,3,112,114,76,37.9473,132,2,206,208,39.3954,268,3,266,283,298,58.2409,425,3,392,375,430,33.9527,288,3,216,215,253,4,178,3,214,213,212,17.8885,107,3,52,51,11,18,179,140,141,142,158,159,160,161,178,180,181,198,199,200,201,219,220,440,)
(41.7612,0,2,18,38,45.2548,44,3,112,115,75,34.176,132,2,206,208,37.7359,285,3,266,297,299,59.4643,425,3,372,391,375,52.0094,385,3,216,252,302,12.9162,177,3,215,214,213,39.3954,12,3,69,52,51,21,180,141,142,143,158,159,160,161,162,178,179,181,182,198,199,200,201,202,219,220,221,)
(43.0813,0,3,112,74,58,30.4631,132,3,113,76,116,29.1204,150,3,205,206,208,34.4093,285,3,266,283,298,55.7136,406,3,338,372,371,60.9262,425,3,302,270,316,43.0813,251,3,215,214,213,41.1825,12,3,52,51,11,21,181,142,143,144,159,160,161,162,163,179,180,182,183,199,200,201,202,203,220,221,222,)
(43.0813,1,3,113,111,112,26.8328,132,3,114,77,116,25.2982,150,2,205,208,33.9411,299,3,297,311,313,17.1955,261,3,338,343,361,43.2757,288,3,276,293,307,55.7136,269,3,215,214,213,45.607,11,3,52,13,51,21,182,143,144,145,160,161,162,163,164,180,181,183,184,200,201,202,203,204,221,222,223,)
(36,19,3,112,74,73,25.6125,118,3,115,78,100,21.5407,150,3,206,208,228,25.6125,284,3,204,246,283,16.9737,262,3,343,338,361,44.7326,271,3,276,293,307,59.4643,269,3,214,213,212,46.6476,0,3,111,70,52,21,183,144,145,146,161,162,163,164,165,181,182,184,185,201,202,203,204,205,222,223,224,)
(28.285,58,3,114,76,78,22.6274,118,3,116,100,79,16.4924,168,1,208,0,-1,3,205,246,266,0,-1,3,204,244,326,48.3426,271,3,242,293,307,63.2456,269,3,214,213,212,50.9117,11,3,112,111,73,21,184,145,146,147,162,163,164,165,166,182,183,185,186,202,203,204,205,206,223,224,225,)
(34.176,44,3,116,114,76,23.3238,100,2,60,80,12.6491,168,1,208,0,-1,3,206,248,285,0,-1,3,205,245,246,0,-1,3,204,243,242,67.0522,269,3,213,212,191,48.4974,86,3,112,111,73,21,185,146,147,148,163,164,165,166,167,183,184,186,187,203,204,205,206,207,224,225,226,)
(41.7675,4,3,116,115,76,17.8885,118,0,8,188,0,8.94427,208,3,228,248,268,52.6118,418,3,206,246,285,0,-1,3,204,205,244,69.0507,229,3,440,217,213,53.8145,0,3,113,114,112,21,186,147,148,149,164,165,166,167,168,184,185,187,188,204,205,206,207,208,225,226,227,)
(40.7986,4,3,116,78,77,8.94427,150,0,4,188,0,8.94427,228,0,56.1427,438,3,343,378,377,18.3303,265,3,206,205,245,56.5685,213,3,204,441,440,56.8507,12,3,113,115,114,18,187,148,149,150,165,166,167,168,185,186,188,205,206,207,208,226,227,228,)
(40.206,4,3,21,22,41,0,-1,0,0,-1,0,0,-1,0,56.1427,437,3,378,377,376,38.0372,277,3,206,242,276,63.3719,85,3,205,204,240,66.5733,10,3,116,115,113,13,188,149,150,166,167,168,186,187,206,207,208,227,228,)
(40.1995,6,3,83,47,63,23.6643,104,3,84,105,123,76.9415,268,3,173,216,175,68.9226,375,3,302,316,290,52.1536,420,3,331,383,402,0,-1,0,0,-1,0,0,-1,0,12,189,151,152,169,170,190,191,209,210,211,229,230,)
(40.1995,5,3,83,63,47,5.79552,171,3,154,136,122,47.062,278,3,214,216,174,65.714,375,3,302,316,290,52.1536,419,3,331,349,383,8.94427,229,0,4,189,0,8.94427,151,0,14,190,151,152,169,170,189,191,209,210,211,212,229,230,231,)
(20.3286,103,3,134,120,102,0,-1,3,105,155,123,0,-1,3,214,216,175,56.9668,357,3,213,290,304,54.4071,425,3,301,329,331,17.8923,269,0,8.00833,189,0,11.3196,151,3,119,133,152,15,191,152,169,170,171,189,190,209,210,211,212,213,230,231,232,)
(28.2843,63,3,85,82,65,23.3238,139,3,137,123,105,65.238,268,3,216,198,178,68.8186,378,3,318,391,393,55.857,427,3,301,331,329,27.1293,300,0,12.6491,189,0,20.3961,119,3,152,134,120,7,192,154,172,173,174,193,194,)
(25.2982,83,3,122,104,105,77.7351,4,3,137,123,107,61.3188,268,3,217,198,178,65.6049,378,3,296,391,373,55.857,428,3,331,329,348,29.1204,300,3,287,314,347,4,192,3,169,189,209,17.8888,121,3,153,152,134,9,193,154,172,173,174,175,192,194,195,)
(21.5407,106,3,137,123,105,74.4764,4,3,158,140,126,25.6125,240,3,198,178,440,62.482,378,3,296,280,342,55.857,429,3,333,385,382,28.5657,286,3,287,301,315,8,192,3,191,171,169,16.9982,135,3,153,136,134,11,194,155,172,173,174,175,176,192,193,195,196,)
(25.2982,89,3,86,85,67,17.8885,125,3,158,140,126,12.7362,218,3,198,241,145,59.4643,378,3,441,279,281,55.8579,430,2,401,421,31.4977,286,3,287,301,315,25.6146,229,3,191,171,211,14.4222,154,3,136,135,122,11,195,155,156,173,174,175,176,177,193,194,196,)
(47.0711,3,3,107,86,68,68.2435,4,3,140,111,130,50.83,132,3,242,204,184,53.8214,377,3,441,279,296,55.9257,431,2,333,421,35.9854,331,3,301,300,315,29.5243,229,3,191,171,152,17.9095,154,3,136,135,122,12,196,155,156,157,174,175,176,177,194,195,197,218,)
(45.9375,3,3,107,69,68,65.2903,4,3,111,113,58,47.1407,132,2,266,285,51.2467,377,3,283,342,311,55.9844,422,3,338,373,431,39.7775,349,3,287,286,301,34.6158,249,3,191,171,153,30.5111,66,3,136,86,104,5,197,176,177,196,218,)
(44.7214,3,3,107,69,52,51.225,60,3,112,114,74,43.0813,132,2,266,285,27.1293,264,3,283,298,312,53.3667,425,3,338,391,431,28.2982,288,3,216,252,302,0,-1,3,215,214,213,0,-1,3,50,136,122,16,198,158,159,178,179,180,199,200,216,217,219,220,237,238,440,441,)
(44.7214,0,3,107,73,69,50.9117,44,3,112,115,75,37.9473,150,0,27.1293,265,3,266,283,298,54.4059,425,3,338,372,391,31.2536,288,3,302,270,316,43.0813,269,3,214,213,212,18.3303,125,3,51,50,10,19,199,158,159,160,178,179,180,181,198,200,201,217,219,220,221,238,240,440,441,)
(45.607,0,3,112,58,38,45.607,43,3,113,75,116,34.176,150,1,188,30.4631,267,3,266,283,297,55.7136,425,3,338,337,372,52,405,3,302,316,287,46.8188,269,3,212,191,211,27.1293,89,3,69,52,51,21,200,159,160,161,178,179,180,181,182,198,199,201,202,219,220,221,222,240,241,440,441,)
(46.8188,0,3,112,74,58,34.4093,118,3,115,76,79,29.1204,168,1,188,32.249,285,3,266,297,299,12.9493,261,3,338,372,371,50.1296,385,3,276,288,302,50.5964,269,3,191,211,171,44.7214,12,3,52,51,11,21,201,160,161,162,179,180,181,182,183,199,200,202,203,219,220,221,222,223,240,241,242,)
(46.8188,1,3,114,112,74,31.241,118,3,115,77,100,25.2982,168,2,186,188,28.8444,285,3,266,283,298,12.6533,262,3,338,337,343,39.4082,271,3,276,293,307,54.4059,269,3,270,191,171,48.8262,11,3,52,51,50,21,202,161,162,163,180,181,182,183,184,200,201,203,204,220,221,222,223,224,241,242,243,)
(40,19,3,111,112,115,28.2843,118,3,185,149,116,21.5407,248,3,168,186,188,28.2843,299,3,283,298,312,12.6491,263,3,344,342,341,39.4082,272,3,276,293,307,58.2409,269,3,191,287,286,51.225,11,3,52,51,12,21,203,162,163,164,181,182,183,184,185,201,202,204,205,221,222,223,224,225,242,243,244,)
(36.2215,39,3,184,145,147,0,-1,3,185,148,168,16.4924,228,1,188,25.6125,299,3,283,312,326,12.6491,264,3,311,325,344,35.7773,273,3,276,293,307,62.0967,269,3,191,287,286,43.4511,87,3,144,111,108,21,204,163,164,165,182,183,184,185,186,202,203,205,206,222,223,224,225,226,243,244,245,)
(0,-1,3,185,146,148,0,-1,3,186,168,149,12.6491,228,1,188,26.8328,313,1,327,16.54,283,3,298,312,326,39.3957,273,3,259,293,307,65.9697,269,3,158,191,287,0,-1,3,184,145,144,21,205,164,165,166,183,184,185,186,187,203,204,206,207,223,224,225,226,227,244,245,246,)
(45.6127,4,3,186,148,147,0,-1,3,188,168,150,8,208,0,17.8885,285,0,40.7922,380,3,312,345,343,29.2374,277,3,259,293,307,69.857,269,3,178,158,140,0,-1,3,184,185,146,21,206,165,166,167,184,185,186,187,188,204,205,207,208,224,225,226,227,228,245,246,247,)
(44.7272,4,3,115,78,77,8.94427,168,0,4,208,0,8.94427,248,0,52.1536,438,3,343,378,377,32.601,277,3,276,341,293,73.7564,269,3,184,259,178,59.4643,0,3,186,185,146,18,207,166,167,168,185,186,187,188,205,206,208,225,226,227,228,246,247,248,)
(44.1874,4,3,116,41,21,0,-1,0,0,-1,0,0,-1,0,52.1536,437,3,378,377,376,36.0947,277,3,342,276,341,77.666,269,3,185,184,259,62.482,12,3,113,115,114,13,208,167,168,186,187,188,206,207,226,227,228,247,248,)
(44.1814,6,3,83,63,47,27.1293,104,3,173,85,105,76.1052,208,3,175,198,158,70.0859,376,3,288,302,316,48.1664,420,3,383,402,421,0,-1,0,0,-1,0,0,-1,0,13,209,169,170,189,190,191,210,211,229,230,231,249,250,)
(44.1814,5,3,104,83,63,9.03261,171,3,154,136,172,72.111,208,3,198,178,158,63.3587,375,3,302,316,290,48.1664,419,3,331,366,401,8.94427,249,0,4,209,0,8.94427,169,0,16,210,169,170,189,190,191,209,211,212,229,230,231,232,249,250,251,)
(24.3319,103,3,152,134,120,0,-1,3,173,105,175,68.1175,208,3,198,178,144,54.5527,357,3,290,333,318,34.1906,350,3,287,302,316,17.8885,286,0,8,209,0,17.8885,133,0,17,211,170,189,190,191,209,210,212,213,229,230,231,232,233,250,251,252,)
(0,-1,3,153,135,121,0,-1,3,174,105,155,64.1249,208,3,198,178,144,51.3809,357,3,290,318,334,44.7242,404,3,302,301,316,20,286,2,287,314,12.6491,189,0,16.9706,151,3,171,152,134,15,212,190,191,210,211,213,214,230,231,232,233,234,251,252,253,)
(0,-1,3,136,122,103,0,-1,3,175,155,126,60.1332,208,3,198,178,145,60,432,3,304,318,334,44.1843,404,3,302,332,331,22.6274,286,3,287,301,315,16.4924,189,0,0,-1,3,191,171,153,14,213,191,211,212,214,215,231,232,233,234,235,252,253,254,)
(0,-1,3,104,84,123,0,-1,3,178,158,140,56.1427,208,3,198,184,146,55.5698,431,3,391,432,393,46.8188,408,3,302,318,333,23.3238,269,3,270,287,301,21.5407,249,2,169,191,0,-1,3,171,153,152,13,214,212,213,215,216,232,233,234,235,236,253,254,255,)
(0,-1,3,107,105,85,0,-1,3,178,158,140,53.3667,168,3,198,147,149,53.6656,431,3,391,432,393,50.5964,429,3,302,333,332,30.4795,331,3,270,287,301,25.2982,249,2,169,191,0,-1,3,171,153,152,13,215,213,214,216,217,233,234,235,236,237,254,255,256,)
(0,-1,3,126,107,90,52,132,3,198,178,158,50.5964,150,3,266,283,297,52,431,3,372,391,432,50.5964,430,3,333,350,383,32.2645,331,3,270,302,287,29.1204,249,3,191,171,169,0,-1,3,153,152,151,14,216,198,214,215,217,234,235,236,237,238,255,256,257,440,)
(0,-1,3,158,140,126,56.8507,60,3,178,111,113,46.8188,150,3,266,298,188,27.1293,322,3,338,312,392,49.4773,430,3,350,383,391,22.6448,288,3,270,302,316,34.176,269,3,191,171,169,0,-1,3,153,135,134,16,217,178,198,199,215,216,219,235,236,237,238,256,257,258,440,441,)
(48.9719,3,3,107,69,68,59.7181,24,3,112,115,58,42.1218,168,3,266,283,285,45.6314,377,3,297,342,311,49.782,425,3,338,373,431,53.9467,422,3,287,286,301,38.3438,269,3,191,171,152,35.818,66,3,136,86,135,5,218,177,196,197,239,)
(48.6621,0,3,107,73,69,43.2666,118,3,112,115,75,37.9473,168,2,186,266,18.3303,263,3,283,298,312,50.5964,425,3,338,391,431,30.4634,334,3,302,316,287,41.7612,269,3,191,286,171,18.3303,139,3,135,51,122,19,219,178,179,180,198,199,200,201,217,220,221,237,238,240,241,258,259,440,441,)
(49.4773,0,3,112,74,69,40,118,3,113,76,116,32.9848,268,3,185,266,188,18.3303,264,3,283,298,311,50.5964,426,3,307,338,354,52,425,3,288,302,316,45.607,269,3,191,287,286,26.8328,107,3,52,51,11,19,220,179,180,181,198,199,200,201,202,219,221,222,238,240,241,242,259,440,441,)
(50.5964,0,3,112,74,76,36.8782,118,3,185,114,168,29.1204,268,3,186,188,266,18.3303,265,3,297,285,299,4,241,3,338,354,372,31.2413,318,3,276,293,334,49.4773,269,3,191,287,286,48.3322,12,3,69,52,51,18,221,180,181,182,199,200,201,202,203,219,220,222,223,240,241,242,243,441,)
(49.4773,2,3,114,112,74,33.9411,118,3,185,149,168,25.2982,268,1,188,14.9666,265,3,266,283,297,4,242,3,338,354,372,52.2398,330,3,276,293,307,53.3667,269,3,191,287,286,52,0,3,52,51,11,18,222,181,182,183,200,201,202,203,204,220,221,223,224,240,241,242,243,244,)
(46.8188,15,3,111,112,115,8.94428,205,3,184,147,186,21.5407,268,1,188,23.3238,285,3,297,299,311,4,243,3,342,361,341,30.4633,273,3,259,293,307,57.2713,269,3,288,191,287,54.4059,11,3,52,51,13,18,223,182,183,184,201,202,203,204,205,221,222,224,225,241,242,243,244,245,)
(12.6491,163,3,184,145,147,8.94428,206,3,185,188,148,16.4924,208,0,22.6274,299,3,283,298,313,4.00002,244,3,325,343,342,15.2174,261,3,276,293,307,61.1882,269,3,259,288,191,56.8507,11,3,111,70,52,18,224,183,184,185,202,203,204,205,206,222,223,225,226,242,243,244,245,246,)
(4.00002,205,3,185,146,148,14.4222,188,3,186,168,149,12.6491,208,0,20,299,2,313,346,12.7099,283,3,311,325,343,14.967,262,3,276,293,307,65.1153,269,3,259,288,191,48.9888,87,3,184,145,144,19,225,184,185,186,203,204,205,206,207,223,224,226,227,243,244,245,246,247,266,)
(36.2215,59,3,186,149,148,17.8885,150,0,8.00001,228,0,17.8885,299,0,32.2487,361,3,312,345,343,18.3306,262,3,276,293,324,69.0507,269,3,259,290,288,50.2783,105,3,184,185,146,20,226,185,186,187,204,205,206,207,208,224,225,227,228,244,245,246,247,248,266,267,)
(48.6675,4,3,115,78,77,8.94427,188,0,4,228,0,8.94427,268,0,48.1664,438,3,343,378,377,18.3303,263,3,341,375,324,72.4431,249,3,259,276,273,8.94427,205,3,186,185,147,18,227,186,187,188,205,206,207,208,225,226,228,245,246,247,248,266,267,268,)
(48.1718,4,3,116,40,21,0,-1,0,0,-1,0,0,-1,0,48.1664,437,3,378,396,395,18.3303,264,3,342,341,376,76.4199,249,3,259,276,158,65.1153,0,3,186,185,184,13,228,187,188,206,207,208,226,227,246,247,248,267,268,)
(48.1664,6,3,63,47,49,27.1293,122,3,173,85,105,76.4199,208,3,198,293,178,68.1178,376,3,288,302,316,44.1814,420,3,401,422,403,0,-1,0,0,-1,0,0,-1,0,13,229,189,190,209,210,211,230,231,249,250,251,269,270,)
(48.1664,5,3,122,104,84,18.3303,194,3,154,172,174,72.4431,208,3,198,178,145,64.6223,376,3,288,302,316,44.1814,419,3,331,383,402,8.94427,269,0,4,229,0,8.94427,189,0,17,230,189,190,191,209,210,211,212,229,231,232,249,250,251,252,269,270,)
(32.2497,83,3,152,134,120,18.3332,195,3,173,105,175,69.857,168,3,198,146,148,52.3068,357,3,302,290,333,4,251,3,287,315,314,17.8885,300,0,8,229,0,17.8885,151,0,18,231,190,191,209,210,211,212,213,229,230,232,233,249,250,251,252,253,270,)
(12.7117,171,3,153,135,134,14.9702,195,3,178,174,155,65.9697,168,3,198,147,283,48.9898,357,3,290,318,334,40.7953,404,3,302,316,331,16.9706,286,3,287,301,328,12.6491,209,0,20,151,3,152,133,119,16,232,191,210,211,212,213,214,230,231,233,234,250,251,252,253,254,)
(4,213,3,154,136,121,15.2212,196,3,140,126,175,63.2456,150,3,198,186,148,40.1995,339,3,290,318,334,40.2027,404,3,302,332,331,17.8885,269,3,270,287,301,16.4924,209,0,22.6274,151,3,171,153,152,16,233,211,212,213,214,215,231,232,234,235,251,252,253,254,255,271,)
(4,214,3,122,104,174,60.9262,132,3,198,178,158,59.4643,150,3,266,283,298,54.4059,432,3,304,391,429,40.7923,402,3,302,318,333,9.00019,271,3,270,287,301,21.5407,189,0,23.3238,169,3,191,171,153,16,234,212,213,214,215,216,232,233,235,236,252,253,254,255,256,272,)
(4,215,3,107,105,85,57.2713,132,3,178,158,140,55.7136,150,3,266,283,297,50.1199,431,3,391,432,393,46.8188,429,3,316,333,350,26.8514,331,3,302,287,286,25.2982,189,1,270,14.9666,192,3,171,153,152,16,235,213,214,215,216,217,233,234,236,237,253,254,255,256,257,273,)
(4,216,3,140,126,107,62.482,60,3,178,158,111,50.5964,168,3,266,283,297,48.3322,431,3,372,391,432,46.8188,430,3,333,366,403,28.8617,331,3,302,316,287,29.1204,189,2,191,270,18.3303,192,3,171,153,152,17,236,214,215,216,217,234,235,237,238,254,255,256,257,258,273,274,440,)
(53.3667,3,3,140,126,107,62.2254,44,3,112,74,115,44.7214,208,3,266,186,297,26.8328,338,3,391,432,311,45.607,430,3,372,424,423,20.0197,288,3,302,316,287,32.9848,189,3,191,286,169,18.3303,193,3,153,152,151,19,237,198,215,216,217,219,235,236,238,255,256,257,258,259,273,274,275,440,441,)
(52.6118,3,3,107,69,52,48.8262,118,3,185,112,115,40.7922,208,3,266,186,283,18.3303,308,3,312,392,326,45.607,425,3,338,431,424,17.9166,272,3,288,302,316,36.8782,189,3,191,287,286,18.3303,194,3,153,152,135,19,238,198,199,216,217,219,220,236,237,240,256,257,258,259,274,275,276,440,441,)
(52.8985,0,3,107,73,69,57.1161,44,3,185,113,116,37.2861,208,3,266,283,298,40.0278,377,3,342,311,325,47.1407,425,3,338,373,391,54.6832,421,3,301,349,315,41.1613,189,3,191,171,287,41.218,66,3,136,153,86,5,239,218,260,261,277,)
(53.3667,0,3,112,74,69,42.5206,118,3,185,113,168,32.9848,208,3,266,283,188,0,-1,3,297,312,325,0,-1,3,293,321,338,41.1943,385,3,276,302,368,44.7214,189,3,270,287,269,27.1293,125,3,107,135,134,16,240,199,200,201,219,220,221,222,238,241,242,258,259,276,440,441,)
(54.4059,0,3,112,74,58,42.5206,100,3,185,149,188,29.1204,208,2,266,283,0,-1,3,298,311,313,0,-1,3,338,354,372,0,-1,3,259,293,307,48.6621,189,3,288,270,287,52,12,3,69,52,51,14,241,200,201,202,219,220,221,222,223,240,242,243,259,441,)
(55.7136,0,3,114,112,74,23.3238,147,3,184,186,148,25.2982,208,2,266,285,0,-1,3,283,298,311,0,-1,3,372,371,341,0,-1,3,276,293,307,52.1536,209,3,259,273,288,53.6656,12,3,52,51,11,13,242,201,202,203,220,221,222,223,224,240,241,243,244,)
(55.7136,1,3,184,147,112,23.3238,188,3,185,148,168,21.5407,208,2,266,285,0,-1,3,297,299,311,0,-1,3,342,341,376,0,-1,3,276,293,307,56.5686,269,3,259,273,288,55.5698,12,3,52,51,11,13,243,202,203,204,221,222,223,224,225,241,242,244,245,)
(21.5407,144,3,184,146,148,20,188,3,186,168,149,16.4924,228,0,0,-1,3,266,285,297,0,-1,3,343,342,361,0,-1,3,307,321,318,60.531,269,3,259,276,273,60,11,3,111,52,51,14,244,203,204,205,222,223,224,225,226,242,243,245,246,266,)
(8.00006,205,3,184,186,145,20,168,3,118,132,150,12.6491,228,0,16.9706,299,3,283,312,327,0,-1,3,297,325,344,0,-1,3,307,324,340,64.1249,209,3,259,276,273,62.482,11,3,144,112,111,15,245,204,205,206,223,224,225,226,227,243,244,246,247,266,267,)
(53.3712,4,3,186,185,148,17.8886,168,0,8.00004,248,0,17.8886,313,0,24.3276,344,3,298,326,345,0,-1,3,341,324,293,68.1175,209,3,259,276,273,60.1179,66,3,184,145,144,17,246,205,206,207,224,225,226,227,228,244,245,247,248,266,267,268,284,)
(52.6168,4,3,186,148,115,8.94427,208,0,4,248,0,8.94427,285,0,44.1814,438,3,361,378,377,9.03168,283,3,342,341,375,72.111,209,3,259,276,293,63.359,66,3,185,184,146,16,247,206,207,208,225,226,227,228,245,246,248,266,267,268,284,285,)
(52.1586,4,3,116,77,40,0,-1,0,0,-1,0,0,-1,0,44.1814,437,3,378,377,396,18.1405,311,3,343,342,341,76.1052,209,3,259,276,293,64.622,86,3,186,185,147,13,248,207,208,226,227,228,246,247,266,267,268,284,285,)
(52.1536,6,3,63,65,47,36.0947,177,3,173,85,105,78.5875,168,3,273,290,198,8.94427,287,3,288,316,331,40.1995,420,3,401,421,423,0,-1,0,0,-1,0,0,-1,0,12,249,209,210,229,230,231,250,251,269,270,286,287,)
(52.1536,5,3,136,122,104,32.601,177,3,172,174,178,75.8947,150,3,273,290,198,62.7379,376,3,288,316,332,40.1995,419,3,331,401,422,8.94427,286,0,4,249,0,8.94427,209,0,15,250,209,210,211,229,230,231,232,249,251,252,269,270,286,287,)
(40.7922,61,3,134,154,120,29.2374,177,3,198,173,105,73.5391,132,3,273,290,307,53.8145,358,3,288,316,333,0,-1,3,301,329,328,11.3137,286,3,287,300,314,8,249,0,17.8885,169,0,16,251,210,211,212,229,230,231,232,233,249,250,252,253,269,270,287,)
(16.5405,171,3,153,152,135,69.857,132,3,198,178,174,68.352,150,3,293,266,283,46.8188,357,3,290,318,307,36.8817,404,3,302,332,331,0,-1,3,270,287,301,12.6491,229,0,26.8328,133,1,119,16,252,211,212,213,230,231,232,233,234,250,251,253,254,270,271,288,)
(12.5477,193,3,153,135,122,66.2126,132,3,158,140,126,64.6228,150,3,266,186,283,43.4217,357,3,290,318,307,40.2009,422,3,333,402,385,0,-1,3,287,286,301,16.4958,229,0,25.6147,151,3,171,152,134,17,253,212,213,214,231,232,233,234,235,251,252,254,255,271,272,288,289,)
(12.5954,194,3,136,122,173,71.2182,60,3,178,158,140,57.2715,208,3,266,186,283,34.6214,339,3,290,318,337,40.7925,422,3,333,334,351,8.97269,288,3,287,301,315,21.5414,209,1,286,28.2848,151,3,171,153,152,18,254,213,214,215,232,233,234,235,236,252,253,255,256,271,272,273,288,289,)
(12.6533,195,3,107,104,174,68.1175,60,3,178,158,140,53.3667,208,3,185,266,283,48.8262,432,3,391,393,433,43.0813,429,3,332,333,350,23.3452,331,3,302,316,301,25.2982,209,3,270,287,269,28.8444,169,3,171,153,152,17,255,214,215,216,233,234,235,236,237,253,254,256,257,272,273,274,290,)
(12.9493,196,3,107,90,70,67.8822,44,3,178,111,113,49.4773,208,3,266,246,186,44.7214,431,3,391,432,393,43.0813,430,3,333,383,424,14.4494,288,3,302,316,332,29.1204,209,3,270,287,269,32.249,169,3,171,153,152,18,256,215,216,217,234,235,236,237,238,254,255,257,258,273,274,275,290,291,)
(57.2713,3,3,107,90,69,59.4643,59,3,185,112,115,45.607,208,3,245,266,283,27.1293,355,3,372,391,432,43.0813,431,2,423,424,8.94527,290,3,288,302,316,34.176,189,3,270,287,269,30.4631,190,3,171,153,152,20,257,216,217,235,236,237,238,255,256,258,259,273,274,275,276,290,291,292,440,441,)
(56.5685,3,3,107,69,52,51.225,118,3,185,112,115,41.7612,208,3,243,245,266,18.3303,322,3,392,433,394,41.7612,425,3,338,391,431,17.889,318,3,302,316,333,37.9473,189,3,288,270,287,27.1293,192,3,171,153,152,19,258,217,219,236,237,238,240,256,257,259,273,274,275,276,291,292,293,440,441,)
(56.5685,0,3,107,112,75,48.1664,118,3,241,205,185,0,-1,3,242,244,246,0,-1,3,311,393,326,43.0813,425,3,338,392,432,39.3954,405,3,302,316,333,41.7612,189,3,288,270,191,27.1293,193,3,153,152,135,16,259,219,220,237,238,240,241,257,258,274,275,276,292,293,440,441,)
(57.5348,0,3,107,112,69,66.7444,4,3,185,188,114,34.6158,208,3,266,283,297,32.2837,376,3,342,311,377,42.1218,427,3,338,373,391,54.0948,421,3,424,329,328,45.9375,189,3,191,287,301,46.679,66,3,136,171,153,5,260,239,261,277,278,)
(58.4439,0,3,112,114,40,64.631,4,3,184,186,115,29.5243,228,3,266,283,298,30.4753,376,3,342,311,325,29.1405,375,3,338,373,372,56.7775,421,3,307,304,424,37.9572,192,3,273,215,214,48.8381,66,3,440,175,155,12,261,239,260,262,263,277,278,279,280,294,295,296,)
(59.5996,0,3,112,114,38,62.6963,4,3,184,186,116,25.6146,228,3,266,283,246,8.94428,281,3,297,312,325,28.2852,375,3,342,374,373,17.8885,322,3,293,307,321,12.7362,239,3,259,273,216,57.4117,12,3,440,175,174,11,262,261,263,264,277,278,279,280,281,295,296,)
(59.5987,1,3,184,112,111,61.0143,4,3,185,168,80,8,265,3,266,283,248,8.94427,282,3,297,311,325,25.2982,356,3,341,343,374,26.8328,355,3,293,321,338,25.6125,217,3,259,276,441,61.0574,0,3,175,155,154,11,263,261,262,264,265,278,279,280,281,282,296,)
(58.3781,3,3,184,114,112,39.598,100,2,150,186,4,265,3,248,268,285,5.65685,282,3,297,311,299,4,281,3,340,343,342,28.8444,355,3,324,307,321,61.3188,189,3,240,259,276,63.3719,11,3,175,155,154,8,264,262,263,265,279,280,281,282,)
(59.5987,3,3,184,186,116,27.1293,150,0,12.6491,268,0,20.3961,327,3,298,326,363,12.6876,311,3,325,343,342,25.6125,322,3,310,324,307,65.238,189,3,241,240,259,65.7267,11,3,111,52,51,6,265,263,264,280,281,282,)
(57.2724,4,3,186,185,148,17.8923,188,0,8.0083,268,0,11.3196,299,3,298,313,327,20.3285,344,3,312,343,346,0,-1,3,341,324,340,0,-1,3,243,242,241,68.1185,11,3,244,184,145,15,266,225,226,227,244,245,246,247,248,267,268,283,284,285,298,)
(56.5732,4,3,148,147,115,8.94427,228,0,4,268,0,8.94427,299,0,40.1995,438,3,378,377,396,5.79407,283,3,342,341,375,47.062,176,3,243,242,241,65.7142,66,3,184,185,146,14,267,226,227,228,245,246,247,248,266,268,284,285,298,299,)
(56.1473,4,3,116,115,77,0,-1,0,0,-1,0,0,-1,0,40.1995,437,3,361,396,395,18.3067,325,3,343,342,341,76.9415,189,3,241,240,259,68.9228,66,3,186,185,184,12,268,227,228,246,247,248,266,267,284,285,298,299,)
(56.1427,6,3,85,63,65,82.4621,132,3,198,173,105,80.9938,150,3,288,273,304,8.94427,301,3,302,331,333,36.2215,420,2,401,421,0,-1,0,0,-1,0,0,-1,0,11,269,229,230,249,250,251,270,286,287,300,301,)
(56.1427,5,3,154,136,122,34.7394,177,3,252,214,216,65.1153,226,3,288,273,304,0,-1,3,302,332,331,36.2215,419,3,401,422,403,8.94427,300,0,4,269,0,8.94427,229,0,13,270,229,230,231,249,250,251,252,269,286,287,300,301,)
(20.6153,172,3,171,153,135,76.844,60,3,178,158,140,62.1048,208,3,273,290,307,50.2098,376,3,304,321,334,36.2354,422,3,333,402,401,0,-1,3,301,300,315,16.5228,249,2,286,287,32.2646,133,3,152,134,119,10,271,233,252,253,254,272,288,289,302,303,)
(20.6172,175,3,154,136,122,73.7632,60,3,178,158,140,58.2495,208,3,273,259,293,37.8549,357,3,290,318,334,36.8918,422,3,333,351,385,17.8885,331,3,301,315,329,21.5639,229,3,286,287,300,31.2571,151,3,171,153,152,11,272,234,253,254,255,271,273,288,289,290,303,)
(55.7137,37,3,107,90,70,70.7673,44,3,185,112,74,43.0815,206,3,242,244,266,43.2668,432,3,391,393,433,37.9476,429,3,350,424,423,0,-1,3,302,316,333,29.1207,229,3,271,288,270,34.4096,169,3,171,153,152,18,273,235,236,237,254,255,256,257,258,272,274,275,289,290,291,292,304,305,)
(61.1882,3,3,107,69,105,65.6049,43,3,241,205,185,12.9162,277,3,242,244,266,39.3954,431,3,372,391,432,37.9473,430,1,424,8.94527,304,3,302,316,333,34.176,209,3,271,288,270,37.7359,169,3,171,153,152,19,274,236,237,238,255,256,257,258,259,273,275,276,290,291,292,293,304,305,306,)
(60.531,3,3,107,73,69,53.8145,118,3,241,204,185,4,276,3,243,245,266,17.8885,338,3,391,432,393,37.9473,425,2,372,431,32.3883,330,3,316,333,332,37.9473,209,3,271,288,302,39.3954,189,3,171,153,152,18,275,237,238,256,257,258,259,273,274,276,290,291,292,293,305,306,307,441,)
(60.531,0,3,107,69,40,30.4631,144,3,240,242,204,0,-1,3,244,246,266,0,-1,3,392,433,394,37.9473,426,3,338,431,373,39.3954,425,3,316,333,332,43.0813,189,3,271,288,302,39.3954,190,3,171,153,152,14,276,238,240,257,258,259,274,275,291,292,293,306,307,441,)
(47.062,76,3,158,140,126,70.0888,4,3,243,204,184,20.4109,265,3,283,297,266,31.2505,377,3,342,394,325,38.2469,427,3,338,373,391,51.1354,421,3,424,332,401,47.062,189,3,302,287,286,45.6405,135,3,440,155,137,12,277,239,260,261,262,278,279,294,295,296,308,309,)
(62.2802,0,3,126,112,114,68.1208,4,3,244,184,186,16.5108,265,3,283,297,266,26.8439,376,3,342,377,325,38.2469,428,3,338,373,372,57.0511,420,3,321,401,382,50.8215,189,3,273,213,302,52.163,66,3,440,217,198,14,278,260,261,262,263,277,279,280,294,295,296,308,309,310,)
(63.3728,0,3,112,114,90,66.2935,4,3,244,246,204,12.6491,265,3,283,297,266,0,-1,3,342,311,326,24.3321,375,3,374,373,372,60.1341,420,3,307,321,338,46.8298,330,3,276,273,290,61.0582,12,3,240,441,198,14,279,261,262,263,264,277,278,280,281,294,295,296,309,310,)
(64.7457,0,3,204,184,112,48.4974,80,3,245,205,228,8,282,3,283,297,268,0,-1,3,311,325,327,21.5407,356,3,341,374,373,48.9183,383,3,307,338,337,50.6063,330,3,276,259,293,62.7375,12,3,241,240,441,13,280,261,262,263,264,265,278,279,281,282,295,296,310,)
(64.7457,1,3,204,184,114,39.598,118,3,246,206,228,4,282,3,283,268,299,0,-1,3,297,312,325,0,-1,3,341,343,374,20,322,3,310,324,340,54.4151,330,3,276,259,293,66.6933,11,3,242,241,240,9,281,262,263,264,265,279,280,282,296,)
(63.3719,3,3,205,204,184,27.1293,168,0,12.6491,285,0,14.9666,313,3,311,326,345,0,-1,3,325,344,343,0,-1,3,310,324,341,58.2495,330,3,276,293,259,68.9348,11,3,243,242,241,7,282,263,264,265,280,281,311,)
(61.1905,4,3,184,186,148,17.9324,208,0,8.09761,285,0,9.03168,299,3,298,313,346,16.2347,344,3,326,345,362,0,-1,3,342,341,375,0,-1,3,241,240,441,0,-1,3,245,244,204,3,283,266,297,)
(60.5353,4,3,185,148,147,8.94427,248,0,4,285,0,8.94427,313,0,36.2215,438,3,361,396,378,6.0466,297,3,343,342,341,4.19181,283,3,242,241,240,73.7564,11,3,244,243,184,12,284,246,247,248,266,267,268,285,298,299,312,313,)
(60.1375,4,3,186,115,78,0,-1,0,0,-1,0,0,-1,0,36.2215,437,2,396,436,18.3312,344,3,343,342,395,12.6491,282,3,243,242,241,71.3187,66,3,244,184,185,11,285,247,248,266,267,268,284,298,299,312,313,)
(60.1332,6,3,85,65,47,40.2843,177,3,252,214,216,4,287,3,271,288,302,8.94427,315,3,316,331,333,32.249,420,3,401,421,422,0,-1,0,0,-1,0,0,-1,0,10,286,249,250,269,270,287,300,301,314,315,)
(60.1332,5,3,211,154,136,0,-1,3,251,253,212,0,-1,3,271,288,302,0,-1,3,316,332,349,32.249,419,3,401,421,423,8.94427,314,0,4,286,0,8.94427,249,0,11,287,249,250,251,269,270,286,300,301,314,315,)
(25.4907,175,3,153,135,134,72.1165,118,3,441,178,240,46.9222,359,3,273,290,304,39.5182,357,3,318,337,386,32.9968,425,3,333,402,401,0,-1,3,315,314,329,0,-1,3,270,287,269,35.7881,133,3,251,249,229,11,288,252,253,254,271,272,289,302,303,316,317,)
(25.5778,176,3,135,154,122,74.4111,21,3,273,198,441,29.3752,261,3,290,259,276,32.3877,356,3,304,334,338,33.0002,422,3,333,386,424,14.4222,331,3,315,329,348,4.00177,288,3,270,287,269,37.7493,133,3,171,153,152,12,289,253,254,271,272,273,288,290,302,303,304,317,)
(64.6221,18,3,107,104,69,71.2181,43,3,241,243,204,20.9182,278,3,244,266,246,40.0002,432,3,391,393,433,34.1763,429,2,423,424,0,-1,3,316,333,332,0,-1,3,271,288,302,29.1024,172,3,253,252,212,17,290,255,256,257,272,273,274,275,289,291,292,303,304,305,306,318,319,)
(65.1153,3,3,107,69,105,59.4643,118,3,241,243,204,12.6491,294,3,245,266,283,35.7771,431,3,391,432,393,34.176,430,1,424,8.94527,318,3,316,333,332,29.1204,250,3,271,288,252,40,169,3,253,171,153,18,291,256,257,258,273,274,275,276,290,292,293,304,305,306,307,318,319,320,)
(64.4981,3,3,107,69,105,55.5698,77,3,241,243,204,4,293,3,266,246,283,18.3303,355,3,391,432,393,34.176,425,1,372,30.6104,330,3,333,332,331,29.1204,251,3,271,253,288,43.2666,169,3,171,153,152,18,292,257,258,259,273,274,275,276,290,291,293,304,305,306,307,319,320,321,)
(64.4981,0,3,240,144,113,0,-1,3,241,243,204,0,-1,3,266,298,285,0,-1,3,392,433,394,34.176,426,3,338,431,373,37.7359,424,3,333,332,331,43.0813,209,3,271,288,302,46.6476,169,3,153,152,135,13,293,258,259,274,275,276,291,292,305,306,307,320,321,)
(12.7377,239,3,240,178,158,17.8885,264,3,242,244,204,21.5407,265,3,297,283,266,31.241,378,3,343,393,395,34.4093,427,3,338,372,374,51.3809,420,3,401,382,400,46.9894,209,3,302,270,287,48.4974,189,3,440,155,137,12,294,261,277,278,279,295,296,308,309,310,322,323,)
(64.7457,23,3,241,144,140,71.6292,4,3,243,245,204,16.4924,282,3,297,283,311,25.6125,377,3,342,394,344,21.5417,375,3,373,372,391,54.5527,420,3,321,337,354,50.7543,209,3,290,273,304,51.2342,135,3,259,441,217,15,295,261,262,277,278,279,280,294,296,308,309,310,322,323,324,)
(64.7457,24,3,242,184,144,69.9338,4,3,244,266,246,12.6491,282,3,283,297,311,0,-1,3,342,377,325,21.5407,376,3,374,373,392,57.8273,420,3,338,321,337,52.7636,249,3,293,290,273,48.3322,89,3,259,240,441,16,296,261,262,263,277,278,279,280,281,294,295,308,309,310,323,324,)
(65.1306,4,3,245,205,204,18.0156,228,0,8.28018,299,0,0,-1,2,312,346,16.1093,361,3,343,362,378,0,-1,3,342,341,375,0,-1,3,310,296,280,9.13649,265,3,244,243,242,3,297,283,311,)
(64.5021,4,3,246,205,185,8.94427,268,0,4,299,0,8.94427,327,0,32.249,438,3,396,436,435,0,-1,3,343,342,394,0,-1,3,259,441,276,0,-1,3,266,245,244,11,298,266,267,268,284,285,299,312,313,326,327,)
(64.129,4,3,186,147,114,0,-1,0,0,-1,0,0,-1,0,32.249,437,3,396,435,436,11.9639,325,3,344,343,395,8.28018,297,3,240,259,441,65.1164,69,3,244,243,242,10,299,267,268,284,285,298,312,313,326,327,)
(64.1249,6,3,85,65,47,32.4962,173,3,251,271,253,4,301,3,288,302,316,8.94427,329,3,402,422,331,28.2843,420,2,401,421,0,-1,0,0,-1,0,0,-1,0,10,300,269,270,286,287,301,314,315,328,329,)
(64.1249,5,3,251,211,191,0,-1,3,271,252,213,0,-1,3,288,302,316,0,-1,3,331,333,383,28.2843,419,2,401,421,8.94427,328,0,4,300,0,8.94427,269,0,10,301,269,270,286,287,300,314,315,328,329,)
(29.3957,175,3,252,213,212,51.2254,129,3,273,216,198,28.5657,322,3,290,304,318,5.74456,317,3,333,386,426,25.2982,405,3,402,385,423,9,331,3,329,328,382,0,-1,3,287,286,301,0,-1,3,270,251,249,10,302,271,288,289,303,316,317,331,332,333,)
(33.121,154,3,153,135,122,27.2075,197,3,273,217,440,38.0657,358,3,304,276,293,30.6105,356,3,318,368,427,29.1376,422,3,333,385,424,11.3137,331,3,401,421,329,4.12311,302,3,287,269,301,41.1947,133,3,251,249,229,13,303,271,272,288,289,290,302,304,316,317,318,332,333,)
(65.9698,16,3,107,122,104,63.2457,77,3,241,243,204,16.9396,294,3,266,283,298,36.8784,432,3,391,393,433,29.1207,428,1,424,0,-1,3,366,383,333,0,-1,3,288,302,270,32.48,172,3,271,253,213,16,304,273,274,289,290,291,292,303,305,306,317,318,319,320,334,335,)
(69.0507,3,3,107,105,69,61.0574,77,3,241,243,204,12.6491,308,3,266,298,285,34.4093,432,3,391,393,433,29.1204,425,0,30.4631,424,3,366,383,403,4.00222,304,3,288,302,270,34.641,172,3,271,253,252,18,305,273,274,275,290,291,292,293,304,306,307,318,319,320,321,334,335,336,)
(68.469,3,3,107,75,69,39.3954,144,3,240,242,244,4,307,3,266,283,298,30.4631,431,3,372,391,432,29.1204,426,0,30.4631,425,3,424,366,383,29.2745,330,3,271,288,302,45.607,169,3,253,252,251,18,306,274,275,276,290,291,292,293,304,305,307,318,319,320,321,335,336,337,)
(68.469,0,3,240,144,130,0,-1,3,241,243,204,0,-1,3,297,285,299,8.94428,338,3,392,432,394,29.1204,427,3,372,391,431,32.249,425,3,424,366,383,33.121,330,3,271,288,302,48.8262,169,3,253,252,209,14,307,275,276,291,292,293,305,306,319,320,321,336,337,338,)
(65.238,13,3,240,441,144,23.3238,265,3,242,244,266,21.5407,282,3,325,297,344,28.8444,378,3,374,393,395,29.3939,428,3,372,371,391,48.9898,420,3,401,382,400,46.9894,229,3,270,287,269,52.3068,169,3,155,137,191,12,308,277,278,294,295,296,309,310,322,323,324,339,)
(12.7377,260,3,241,240,158,75.2246,4,3,243,282,245,4,310,3,344,325,297,25.6125,378,3,343,394,396,12.6491,355,3,373,372,391,52.3068,420,3,337,354,371,50.7543,229,3,304,290,318,55.7136,169,3,276,259,441,14,309,277,278,279,294,295,296,308,310,322,323,324,339,340,)
(68.469,24,3,242,241,204,14.4222,264,3,281,244,283,0,-1,3,325,297,311,20,377,3,342,344,395,16.4938,375,3,374,373,392,59.1946,419,3,338,337,372,55.857,209,3,307,304,290,57.4108,189,3,276,259,240,15,310,278,279,280,294,295,296,308,309,322,323,324,339,340,341,)
(69.0887,4,3,245,205,204,18.1405,248,0,0,-1,1,313,0,-1,3,346,363,380,16.5224,377,3,379,396,418,0,-1,3,343,342,376,0,-1,3,324,310,296,0,-1,3,244,243,242,6,311,282,297,325,343,344,)
(68.4728,4,3,266,246,206,8.94427,285,0,4,313,0,8.94427,346,0,28.2843,438,3,396,395,436,0,-1,3,394,343,434,0,-1,3,259,324,276,0,-1,3,283,245,244,10,312,284,285,298,299,313,326,327,345,346,)
(68.1214,4,3,147,114,115,0,-1,0,0,-1,0,0,-1,0,28.2843,437,2,396,436,8.94427,345,3,395,435,394,4,312,3,311,259,324,26.8328,205,3,266,283,245,10,313,284,285,298,299,312,326,327,345,346,)
(68.1175,6,3,85,65,47,8.94427,287,3,251,271,288,4,315,3,302,316,331,8.94427,348,3,402,422,383,24.3311,420,2,401,421,0,-1,0,0,-1,0,0,-1,0,10,314,286,287,300,301,315,328,329,347,348,)
(68.1175,5,3,251,211,191,0,-1,3,271,252,288,0,-1,3,302,316,332,0,-1,3,383,403,366,24.3311,419,2,401,421,8.94427,347,0,4,314,0,8.94427,286,0,11,315,286,287,300,301,314,328,329,331,347,348,)
(34.5084,176,3,252,213,212,36.1066,261,3,273,290,216,34.5084,278,3,304,318,293,9,350,3,385,426,351,25.2982,425,3,401,423,422,5.74456,331,3,382,400,420,0,-1,3,301,300,315,0,-1,3,270,251,287,10,316,288,302,303,317,331,332,333,349,350,)
(37,154,3,216,171,153,32.48,261,3,273,290,217,36.3456,341,3,318,293,307,30.4673,373,3,386,368,427,21.5586,402,3,333,366,385,9,349,3,401,421,382,12.8062,330,3,286,301,315,44.7325,133,3,270,251,249,14,317,288,289,302,303,304,316,318,331,332,333,334,349,350,)
(73.7565,3,3,214,136,107,66.5734,77,3,241,243,204,24.6364,340,3,396,283,380,36.8784,433,3,391,393,434,25.2986,428,1,424,0,-1,3,366,383,403,0,-1,3,302,316,287,35.9854,172,3,288,271,253,16,318,290,291,303,304,305,306,317,319,320,333,334,335,336,351,352,)
(72.9931,3,3,107,105,69,64.4981,77,3,241,243,204,16.9706,339,3,397,379,297,31.241,432,3,391,393,433,25.2982,425,0,17.9157,385,3,424,366,383,4.00222,318,3,302,316,287,37.9473,172,3,288,271,253,18,319,290,291,292,304,305,306,307,318,320,321,334,335,336,337,351,352,353,)
(72.4431,3,3,240,107,75,15.193,277,3,241,243,204,4,321,3,283,380,297,26.8328,431,3,391,432,393,25.2982,426,0,26.8328,425,3,424,383,403,28.4429,330,3,288,270,349,40.1995,172,3,271,253,252,19,320,291,292,293,304,305,306,307,318,319,321,334,335,336,337,338,352,353,354,)
(72.4431,0,3,240,144,130,0,-1,3,242,244,204,0,-1,3,379,297,363,5.65687,338,3,391,432,393,25.2982,427,2,372,431,31.241,424,3,366,383,403,32.3883,330,3,288,302,270,42.7083,172,3,271,253,252,14,321,292,293,305,306,307,319,320,335,336,337,338,353,354,)
(73.1027,0,3,259,240,144,25.6125,265,3,243,282,245,25.2982,361,3,325,297,311,26.8328,378,3,374,393,395,25.6125,428,3,373,372,431,50.2792,419,2,399,400,43.2666,250,3,270,332,287,54.5527,169,3,155,191,137,12,322,294,295,308,309,310,323,324,339,340,355,356,)
(21.5928,239,3,241,240,178,78.859,4,3,281,244,283,21.5407,361,3,325,311,345,23.3238,378,3,393,395,434,8,356,3,373,391,431,53.8145,419,3,354,428,427,50.7543,249,3,318,304,302,57.8273,169,3,293,276,259,15,323,294,295,296,308,309,310,322,324,339,340,341,355,356,357,)
(16.5152,261,3,242,241,204,0,-1,3,281,245,297,16.4924,344,3,325,311,345,20,378,3,394,396,379,12.6509,375,3,374,373,392,57.4108,419,3,372,354,429,55.857,229,3,321,318,304,61.1882,169,3,293,276,259,15,324,295,296,308,309,310,322,323,339,340,341,342,356,357,358,)
(73.0618,4,3,245,205,204,18.3067,268,0,0,-1,0,0,-1,3,363,380,398,12.6497,377,3,396,395,436,17.8889,357,3,394,393,374,25.2985,355,3,340,324,310,0,-1,3,296,243,280,7,325,311,342,343,344,360,361,)
(72.4467,4,3,266,246,245,8.94427,299,0,4,327,0,8.94427,363,0,24.3311,438,3,396,435,436,0,-1,3,395,394,434,0,-1,3,341,324,340,0,-1,3,244,243,204,10,326,298,299,312,313,327,345,346,362,363,)
(72.1146,4,3,185,148,147,0,-1,0,0,-1,0,0,-1,0,25.2982,436,0,8.94427,362,3,396,395,435,4,326,3,342,341,324,20.3961,265,3,266,283,245,10,327,298,299,312,313,326,345,346,362,363,)
(72.111,6,3,251,172,85,8.94427,301,3,271,252,288,4,329,3,349,316,331,8.94427,365,3,401,422,403,20.3961,420,1,421,0,-1,0,0,-1,0,0,-1,0,10,328,300,301,314,315,329,347,348,364,365,)
(72.111,5,3,251,211,191,0,-1,3,271,288,253,0,-1,3,349,316,331,0,-1,3,402,423,366,20.3961,419,3,401,421,422,8.94427,364,0,4,328,0,8.94427,300,0,11,329,300,301,314,315,328,331,347,348,364,365,)
(0,-1,3,0,5,7,52.2398,222,3,3,16,18,60.5394,378,3,246,266,283,0,-1,3,366,385,403,0,-1,3,400,402,421,0,-1,3,364,381,399,0,-1,1,328,0,-1,3,269,286,300,1,330,)
(46.9148,138,3,252,251,213,48.8365,159,3,273,290,217,48.0937,342,3,351,334,371,25.632,426,3,366,385,427,0,-1,3,383,403,402,0,-1,3,382,400,365,0,-1,3,314,329,328,0,-1,3,270,287,269,12,331,302,315,316,317,329,332,333,348,349,350,366,)
(40.9878,155,3,252,251,213,56.8507,184,3,273,290,216,28.5657,355,3,351,334,371,52,435,3,385,426,368,16.5002,404,3,423,422,425,0,-1,3,401,382,400,8.54396,330,3,348,315,314,0,-1,3,270,287,269,11,332,302,303,316,317,331,333,349,350,366,367,)
(34.471,197,3,288,271,253,35.9038,279,3,273,290,217,36.1248,341,3,334,371,354,0,-1,3,386,427,351,21.5639,422,2,385,426,17.9102,402,3,401,421,382,12.1655,330,3,300,348,315,5.74456,316,3,302,270,251,14,333,302,303,316,317,318,331,332,334,349,350,351,366,367,)
(77.6661,3,3,214,154,136,69.9715,77,3,241,243,204,48.6623,313,3,394,396,380,37.7362,434,3,391,393,436,21.5411,428,1,424,0,-1,3,383,403,423,0,-1,3,349,333,332,35.9854,192,3,288,271,253,16,334,304,305,317,318,319,320,333,335,336,350,351,352,353,368,369,)
(76.9415,3,3,107,104,75,48.3322,144,3,240,242,244,16.4924,339,3,395,397,379,31.241,433,3,392,394,435,21.5407,425,0,17.8885,405,3,424,366,383,4.00222,334,3,350,349,333,44.8999,154,3,288,271,253,18,335,304,305,306,318,319,320,321,334,336,337,351,352,353,354,368,369,370,)
(76.4199,3,3,240,113,107,14.9666,294,3,241,243,204,12.6491,339,3,396,380,398,25.6125,432,3,391,393,433,21.5407,426,0,25.6125,424,3,383,403,423,28.1602,330,3,366,350,349,46.8188,154,3,288,271,253,19,336,305,306,307,318,319,320,321,334,335,337,338,351,352,353,354,369,370,371,)
(76.4199,0,3,240,144,130,0,-1,3,242,244,204,4.00003,338,3,397,379,363,0,-1,3,372,391,432,21.5407,427,0,28.2843,424,3,383,403,423,32.1403,330,3,366,350,349,48.9898,154,3,288,271,253,15,337,306,307,319,320,321,335,336,338,352,353,354,370,371,372,)
(0,-1,3,293,276,259,0,-1,3,243,204,184,0,-1,3,380,363,345,0,-1,3,392,433,394,0,-1,3,372,429,428,23.3441,385,3,354,427,426,36.1236,330,3,366,350,349,51.3798,154,3,217,288,271,10,338,307,320,321,336,337,353,354,371,372,)
(25.3427,239,3,241,240,243,82.5272,4,3,281,244,297,21.5407,378,3,325,311,345,17.8885,377,3,393,395,434,4,356,3,373,431,430,48.4974,420,3,371,428,427,43.2661,401,3,351,349,302,60.1332,169,3,307,293,276,13,339,308,309,310,322,323,324,340,341,355,356,357,358,)
(21.5928,260,3,242,241,244,0,-1,3,281,311,297,16.4924,361,3,325,345,362,17.8885,378,3,394,396,435,8.11374,374,2,392,432,48.4974,421,3,372,371,429,55.857,419,3,337,351,304,63.3719,169,3,307,293,276,15,340,309,310,322,323,324,339,341,342,355,356,357,358,359,375,)
(21.5581,261,3,280,242,241,0,-1,3,311,297,299,12.6496,325,3,345,326,362,14.4222,378,3,395,379,397,8.00288,375,2,393,433,9.04615,374,3,373,372,371,59.5987,419,3,338,337,321,66.6933,169,3,307,293,276,15,341,310,323,324,339,340,342,343,356,357,358,359,360,375,376,)
(0,-1,3,280,282,242,8.94495,325,3,311,297,313,8,344,3,345,327,363,11.3137,378,3,396,379,398,8,376,2,394,434,11.3944,374,3,373,392,372,52.0096,330,3,338,337,321,60,172,3,310,296,279,15,342,324,325,340,341,343,344,357,358,359,360,361,375,376,377,)
(0,-1,3,297,283,266,5.65792,325,3,311,298,313,4,344,1,346,8.94428,378,3,379,397,418,8,377,2,395,435,14.4856,374,3,393,392,373,56.0089,330,3,338,337,354,0,-1,3,310,296,280,13,343,311,325,341,342,344,358,359,360,361,376,377,378,)
(77.0115,4,3,245,244,205,18.3312,285,2,299,313,0,-1,0,0,-1,3,380,398,418,8,378,2,396,436,17.94,374,3,394,393,392,60.0084,330,3,338,372,337,0,-1,3,310,296,280,10,344,311,325,342,343,359,360,361,377,378,)
(76.4233,4,3,266,246,245,8.94427,313,0,4,346,0,8.94427,380,0,20.3961,438,3,396,435,436,0,-1,3,395,394,434,0,-1,3,342,372,371,0,-1,3,244,243,242,10,345,312,313,326,327,346,362,363,379,380,)
(76.1086,4,3,266,246,205,0,-1,0,0,-1,0,0,-1,0,21.5407,436,0,8.94427,379,3,396,395,435,4,345,3,343,342,372,8.94427,312,3,283,245,297,10,346,312,313,326,327,345,362,363,379,380,)
(76.1052,6,3,251,211,154,8.94427,315,3,271,288,252,4,348,3,366,349,331,8.94427,382,3,401,421,383,16.4924,420,0,0,-1,0,0,-1,0,0,-1,0,10,347,314,315,328,329,348,364,365,381,382,)
(76.1052,5,3,251,211,213,0,-1,3,271,288,253,0,-1,3,366,349,332,0,-1,3,402,422,383,16.4924,419,2,401,421,8.94427,381,0,4,347,0,8.94427,314,0,11,348,314,315,328,329,331,347,364,365,381,382,)
(44.8999,155,3,252,251,213,39.7775,197,3,273,290,318,29.3939,322,3,368,351,334,14.4222,405,3,385,425,427,12.6593,404,3,422,423,424,0,-1,3,401,421,382,0,-1,3,365,348,329,5.74456,331,3,270,287,269,11,349,316,317,331,332,333,350,366,367,383,384,)
(48.7545,136,3,273,213,215,37.856,279,3,334,318,290,48.2604,378,3,351,371,337,0,-1,3,385,426,368,16.5227,423,0,20.025,421,3,401,382,400,4.12311,349,3,365,348,347,9,316,3,270,287,251,15,350,316,317,331,332,333,334,349,351,366,367,368,383,384,385,)
(81.5844,3,3,214,213,136,73.4304,77,3,241,243,204,36.4281,377,3,391,393,395,39.3957,435,0,16.493,425,0,8.98489,385,3,424,383,403,0,-1,3,366,350,349,39.5847,192,3,333,288,271,17,351,318,319,333,334,335,336,350,352,353,367,368,369,370,385,386,387,)
(80.895,3,3,107,122,104,52,144,3,240,242,244,28.5664,376,3,392,394,396,32.249,434,3,391,435,436,16.4924,426,0,20,424,3,383,403,423,4.00222,351,3,366,350,349,48.4974,154,3,288,271,253,18,352,318,319,320,334,335,336,337,351,353,354,368,369,370,371,386,387,388,)
(80.399,3,3,240,113,107,18.3303,294,3,241,243,204,16.7034,374,3,393,395,397,25.6125,433,3,391,434,436,16.4924,427,0,22.6274,424,3,403,423,402,28.4429,330,3,383,366,350,50.2792,154,3,288,271,253,20,353,319,320,321,334,335,336,337,338,351,352,354,368,369,370,371,372,387,388,389,)
(80.399,0,3,240,144,130,0,-1,3,338,242,244,0,-1,3,394,396,398,20,432,3,392,433,435,16.4924,428,0,28.8444,423,3,403,402,422,32.3868,330,3,383,366,350,52.3056,154,3,288,271,253,16,354,320,321,335,336,337,338,352,353,369,370,371,372,388,389,390,)
(80.9938,0,3,259,241,240,28.8444,264,3,281,311,244,25.2985,325,3,396,362,345,25.923,435,3,392,394,437,16.9706,429,0,39.598,421,0,46.9894,419,3,316,382,287,62.3538,151,3,270,269,249,7,355,322,323,339,340,356,357,)
(63.2456,88,3,259,241,240,8.94427,324,3,281,311,297,21.5409,325,3,362,345,379,20.3961,434,3,393,395,436,16.9706,430,0,39.598,422,0,50.7543,419,3,351,334,368,62.6099,169,3,321,307,293,11,356,322,323,324,339,340,341,355,357,358,375,)
(25.3427,260,3,281,242,241,17.8889,325,3,311,297,313,16.4924,344,3,362,345,379,8.94427,376,3,394,396,434,16.9706,431,1,433,39.598,423,0,54.5527,419,3,354,351,334,65.7267,169,3,321,307,293,13,357,323,324,339,340,341,342,355,356,358,359,375,376,)
(25.3131,261,3,280,282,242,14.4226,325,3,326,311,297,12.6491,378,3,362,345,379,8.94427,377,3,395,397,435,4.00575,375,3,432,433,434,39.598,424,1,391,58.3781,419,3,354,337,371,68.9348,169,3,321,307,293,14,358,324,339,340,341,342,343,356,357,359,360,375,376,377,)
(4,342,3,279,281,266,11.3142,325,3,326,311,313,8,361,3,362,346,380,8.94428,378,3,396,398,436,4,376,3,433,434,435,39.598,425,3,392,391,432,62.2254,419,3,372,338,354,70.7739,135,3,296,293,276,14,359,340,341,342,343,344,357,358,360,361,375,376,377,378,)
(41.9524,188,3,297,266,280,8.94495,325,3,326,312,298,4.00001,361,1,363,5.65686,378,3,397,418,437,4.00001,377,3,434,435,436,39.598,426,3,393,392,391,66.0908,419,3,373,372,338,73.7627,135,3,310,296,279,13,360,325,341,342,343,344,358,359,361,375,376,377,378,)
(80.9617,4,3,298,283,266,0,-1,3,299,313,327,0,-1,0,0,-1,3,398,418,438,4,378,3,435,436,437,8.94427,376,3,394,393,392,69.9719,419,3,373,372,338,26.8328,308,3,310,296,280,10,361,325,342,343,344,359,360,376,377,378,)
(80.4023,4,3,266,246,245,8.94427,327,0,4,363,0,8.94427,398,0,16.4924,438,1,436,0,-1,3,396,395,435,0,-1,3,392,391,372,0,-1,3,244,243,242,11,362,326,327,345,346,363,379,380,396,397,398,)
(80.1032,4,3,266,246,205,0,-1,0,0,-1,0,0,-1,0,16.4924,437,0,17.8885,436,3,396,395,435,4,362,3,393,392,391,8.94427,326,3,245,297,244,10,363,326,327,345,346,362,379,380,397,398,)
(80.0999,6,3,251,211,154,8.94427,329,3,271,331,288,4,365,3,383,366,349,14.4222,421,3,402,422,424,12.6491,420,0,0,-1,0,0,-1,0,0,-1,0,10,364,328,329,347,348,365,381,382,399,400,)
(80.0999,5,3,251,211,213,0,-1,3,331,271,333,0,-1,3,383,366,349,0,-1,3,401,422,403,12.6491,419,1,421,8.94427,399,0,4,364,0,8.94427,328,0,11,365,328,329,347,348,364,381,382,399,400,401,)
(52.7244,137,3,251,211,191,43.4046,279,3,334,318,273,38.1033,324,3,386,368,351,16.9797,426,3,385,428,430,12.6613,422,0,14.4329,421,3,401,400,420,0,-1,3,382,365,348,0,-1,3,331,270,329,13,366,331,332,333,349,350,367,383,384,385,402,403,404,)
(57.3453,121,3,273,214,216,40.1133,279,3,351,334,318,29.2746,339,3,368,354,337,9,405,3,385,426,428,12.6886,423,0,20.025,420,3,400,401,419,4.02462,366,3,382,365,348,11.3137,331,3,270,329,287,15,367,332,333,349,350,351,366,368,383,384,385,386,403,404,405,)
(85.5103,3,3,214,213,136,57.2714,144,3,240,242,244,49.4774,438,3,392,394,396,30.4634,433,0,12.6498,425,0,8.94527,405,3,424,403,423,0,-1,3,383,366,349,0,-1,3,350,333,332,18,368,334,335,350,351,352,353,367,369,370,384,385,386,387,388,405,406,407,)
(84.8528,3,3,240,214,113,32.6142,261,3,241,243,204,45.607,438,3,392,394,396,30.4631,434,0,12.6491,426,0,16.9706,424,3,403,423,422,29.1204,400,3,383,366,350,48.4974,172,3,333,332,316,19,369,334,335,336,351,352,353,354,368,370,371,385,386,387,388,389,406,407,408,)
(84.3801,3,3,240,145,113,18.3284,308,3,338,242,244,34.176,436,3,391,393,395,30.4631,435,0,12.6491,427,0,23.3238,423,2,421,422,12.6869,385,3,383,403,366,53.8139,154,3,333,316,288,20,370,335,336,337,351,352,353,354,368,369,371,372,386,387,388,389,390,407,408,409,)
(84.3801,0,3,240,242,144,0,-1,3,338,243,204,20.3971,376,3,392,394,396,23.3238,434,3,391,435,436,12.6491,428,0,30.4631,422,0,16.5219,385,3,383,366,403,55.7136,154,3,316,288,271,18,371,336,337,338,352,353,354,369,370,372,387,388,389,390,391,408,409,410,)
(0,-1,3,338,321,307,0,-1,3,326,244,312,16.4077,376,3,393,395,397,14.427,432,3,391,433,435,12.6545,429,0,30.4653,423,0,37.9491,421,3,383,366,403,57.8029,154,3,337,288,271,15,372,337,338,353,354,370,371,388,389,390,391,392,409,410,411,)
(0,-1,3,293,276,259,0,-1,3,327,313,299,12.8923,359,3,394,396,379,0,-1,3,392,433,435,12.7387,430,1,391,30.5004,424,0,45.6319,420,3,366,403,349,30.4673,317,3,354,337,321,1,373,)
(8.11374,340,3,240,242,198,17.94,344,3,327,313,299,16.5486,361,3,395,397,379,0,-1,3,434,436,438,12.9229,431,1,433,30.5778,425,0,53.4322,419,3,354,334,366,9.04615,339,3,337,321,307,1,374,)
(29.1405,261,3,280,282,243,16.9709,325,3,345,326,311,12.6511,361,3,379,362,397,0,-1,2,435,437,0,-1,1,433,27.0985,427,0,57.3963,419,3,354,334,366,71.3185,169,3,338,337,321,11,375,340,341,342,356,357,358,359,360,376,377,)
(21.5407,296,3,297,280,279,14.4227,325,3,345,326,311,8,378,3,379,363,398,0,-1,2,436,438,0,-1,1,434,27.1301,428,2,431,432,61.3192,419,3,354,334,318,73.5456,135,3,338,321,307,12,376,341,342,343,357,358,359,360,361,375,377,378,)
(85.5733,4,3,297,280,266,8.94427,344,3,345,326,312,4,378,1,380,0,-1,3,418,437,438,0,-1,1,435,0,-1,3,433,432,431,65.2385,419,3,373,391,372,76.4261,135,3,296,321,307,11,377,342,343,344,358,359,360,361,375,376,378,)
(84.9165,4,3,312,297,283,0,-1,3,313,327,346,0,-1,0,0,-1,2,418,438,0,-1,1,436,0,-1,3,434,433,432,69.1671,419,3,392,373,391,79.4038,135,3,310,296,280,8,378,343,344,359,360,361,376,377,)
(84.3832,4,3,266,246,245,8.94427,346,0,4,380,0,8.94427,418,0,12.6491,436,0,0,-1,3,396,395,435,0,-1,3,394,393,392,0,-1,3,243,242,343,13,379,345,346,362,363,380,395,396,397,398,416,417,418,)
(84.0983,4,3,266,246,245,0,-1,0,0,-1,0,0,-1,0,12.6491,437,0,20,434,3,396,433,432,4,379,3,395,394,393,8.94427,345,3,244,311,243,11,380,345,346,362,363,379,396,397,398,417,418,)
(84.0952,6,3,251,211,213,8.94427,348,3,349,331,333,20.4024,404,3,383,366,424,17.8885,423,0,8,419,0,0,-1,0,0,-1,0,0,-1,0,11,381,347,348,364,365,382,399,400,401,419,420,)
(84.0952,5,3,251,253,211,0,-1,3,349,331,333,0,-1,3,403,383,366,5.65686,401,3,421,402,423,8,420,0,8.94427,419,0,4,381,0,8.94427,347,0,13,382,347,348,364,365,381,399,400,401,402,419,420,421,)
(61.2617,124,3,331,251,211,48.9183,280,3,351,334,318,52.6978,361,3,385,368,354,17.9165,427,0,8.06226,423,0,17.9165,419,0,12.6886,400,3,382,365,364,0,-1,3,348,347,329,15,383,349,350,366,367,384,385,401,402,403,404,405,422,423,424,)
(61.2575,121,3,304,290,273,42.696,261,3,368,351,334,48.755,361,3,385,429,371,14.4568,427,1,428,8.06226,424,0,17.9165,420,0,21.5639,419,3,382,365,364,14.4222,331,3,348,329,315,17,384,349,350,366,367,368,383,385,386,402,403,404,405,406,423,424,425,)
(90.2495,3,3,333,302,288,82.3709,77,3,241,243,204,52.621,438,3,379,362,345,17.9157,429,0,8.06061,425,0,0,-1,3,424,403,423,0,-1,3,383,402,401,0,-1,3,366,350,349,19,385,350,351,366,367,368,369,383,384,386,387,403,404,405,406,407,424,425,426,)
(89.4428,3,3,253,214,213,60.9263,144,3,240,242,244,48.6623,438,3,380,363,346,17.889,430,0,8.00111,426,0,14.4228,423,1,422,4.09001,385,3,403,383,366,0,-1,3,350,349,333,19,386,351,352,367,368,369,370,384,385,387,388,404,405,406,407,408,425,426,427,)
(88.8144,3,3,240,214,213,36.1063,261,3,338,241,243,44.7214,438,3,380,363,345,17.8885,431,0,8,427,0,17.8885,423,0,25.2982,421,3,403,383,366,48.4973,192,3,350,349,333,20,387,351,352,353,368,369,370,371,385,386,388,389,405,406,407,408,409,426,427,428,)
(88.3629,3,3,240,145,113,18.3303,322,3,338,242,326,40.7922,438,3,379,363,346,17.8885,432,0,8,428,0,17.8885,424,0,36.8782,419,3,383,403,366,57.4108,154,3,350,333,332,21,388,352,353,354,368,369,370,371,372,386,387,389,390,406,407,408,409,410,427,428,429,)
(88.3629,0,3,338,240,242,18.3303,358,3,326,243,312,36.8782,438,3,379,363,345,17.8885,433,0,8,429,0,17.8885,425,0,40.7922,419,3,383,366,350,59.1946,154,3,333,332,316,19,389,353,354,369,370,371,372,387,388,390,391,407,408,409,410,411,428,429,430,)
(57.4108,139,3,338,307,293,18.3303,359,3,326,313,299,32.9848,438,3,379,363,346,17.8885,434,0,8,430,0,17.8885,426,0,44.7214,419,3,383,366,350,61.1882,154,3,333,332,316,17,390,354,370,371,372,388,389,391,392,408,409,410,411,412,429,430,431,)
(0,-1,3,338,307,293,0,-1,3,345,327,313,29.1204,438,3,379,362,377,17.8885,435,0,8,431,0,17.8885,427,0,48.6621,419,3,351,383,366,0,-1,3,372,371,354,15,391,371,372,389,390,392,393,409,410,411,412,413,430,431,432,)
(0,-1,3,259,240,441,0,-1,3,346,327,313,25.2982,438,3,380,363,378,17.8885,436,0,8,432,0,17.8885,428,0,52.6118,419,3,371,368,351,0,-1,3,372,354,337,14,392,372,390,391,393,394,410,411,412,413,414,431,432,433,)
(0,-1,3,266,240,246,0,-1,3,345,327,313,21.5407,438,3,363,379,380,17.8885,437,0,8,433,0,17.8885,429,0,56.5685,419,3,372,371,368,0,-1,3,354,337,321,13,393,391,392,394,395,411,412,413,414,415,432,433,434,)
(0,-1,3,266,245,297,0,-1,3,363,346,327,16.4924,418,2,379,380,17.8885,438,0,8,434,0,17.8885,430,0,60.531,419,3,372,371,354,0,-1,3,338,321,307,13,394,392,393,395,396,412,413,414,415,416,433,434,435,)
(0,-1,3,298,266,283,0,-1,3,379,362,345,12.6491,418,1,380,14.4222,438,0,8,435,0,17.8885,431,0,64.4981,419,3,372,371,354,0,-1,3,338,321,307,14,395,379,393,394,396,397,413,414,415,416,417,434,435,436,)
(0,-1,3,345,326,312,0,-1,3,379,362,346,8,398,0,11.3137,438,0,8,436,0,17.8885,432,0,68.469,419,3,372,371,354,0,-1,3,338,307,293,16,396,362,379,380,394,395,397,398,414,415,416,417,418,435,436,437,)
(88.3658,4,3,266,246,245,8.94427,363,0,4,398,0,8.94427,438,0,8,437,0,17.8885,433,0,72.4431,419,3,372,371,354,0,-1,3,243,307,242,15,397,362,363,379,380,395,396,398,415,416,417,418,436,437,438,)
(88.0938,4,3,266,246,245,0,-1,0,0,-1,0,0,-1,0,8,438,0,17.8885,434,0,76.4199,419,3,372,371,354,8.94427,362,3,244,243,325,12,398,362,363,379,380,396,397,416,417,418,437,438,)
(88.0909,6,3,251,211,213,8.94427,365,3,366,349,331,76.1052,398,3,383,386,368,8.94427,421,0,4,419,0,0,-1,0,0,-1,0,0,-1,0,10,399,364,365,381,382,400,401,419,420,421,)
(88.0909,5,3,271,251,253,0,-1,3,366,349,331,72.111,398,3,385,368,354,8.94427,422,0,4,420,0,5.65685,419,0,4,399,0,8.94427,364,0,12,400,364,365,381,382,399,401,402,419,420,421,422,)
(0,-1,3,348,329,331,52.3064,296,3,366,349,332,68.1175,398,3,385,368,354,8.94427,423,0,4,421,0,8.94427,419,0,8,399,0,11.3137,364,3,328,347,365,14,401,365,381,382,383,399,400,402,403,419,420,421,422,423,)
(62.2178,138,3,331,315,302,51.1325,261,3,368,351,334,64.125,398,3,385,371,380,8.94508,424,0,4.0018,422,0,8.94508,420,0,12.6497,381,0,0,-1,3,382,365,364,14,402,366,382,383,384,400,401,403,404,420,421,422,423,424,)
(64.5841,123,3,331,270,252,48.5733,218,3,385,368,351,60.1369,398,3,386,371,380,8.96908,425,0,4.05517,423,0,8.96908,421,0,16.5059,381,1,382,0,-1,3,365,348,347,15,403,366,367,383,384,385,401,402,404,405,421,422,423,424,425,)
(64.5926,122,3,318,304,290,45.815,261,3,385,368,351,56.145,398,3,371,380,362,8.95861,426,0,4.03196,424,0,8.95861,422,0,20.4024,381,2,364,382,8.94441,366,3,331,365,348,16,404,366,367,383,384,385,386,402,403,405,406,422,423,424,425,426,)
(94.1488,3,3,316,302,271,66.2118,144,3,338,240,242,52.1536,398,3,380,363,345,8.94427,427,0,4,425,0,8.94427,423,0,24.3311,419,3,382,365,364,20.025,331,3,349,332,348,17,405,367,368,383,384,385,386,387,403,404,406,407,423,424,425,426,427,)
(93.3809,3,3,271,240,253,41.4691,261,3,338,241,243,48.1664,398,3,380,363,345,8.94427,428,0,4,426,0,8.94427,424,0,28.2843,419,3,382,365,364,5.74226,385,3,366,350,349,17,406,368,369,384,385,386,387,388,404,405,407,408,424,425,426,427,428,)
(92.7793,3,3,240,214,213,39.6949,261,3,338,242,326,44.1814,398,3,380,363,345,8.94427,429,0,4,427,0,8.94427,425,0,32.249,419,3,383,382,365,8.99853,385,3,366,350,349,18,407,368,369,370,385,386,387,388,389,405,406,408,409,425,426,427,428,429,)
(92.3472,3,3,240,242,145,27.1293,359,3,338,345,326,40.1995,398,3,379,363,361,8.94427,430,0,4,428,0,8.94427,426,0,36.2215,419,3,383,366,382,61.0574,154,3,350,349,333,18,408,369,370,371,386,387,388,389,390,406,407,409,410,426,427,428,429,430,)
(92.3472,0,3,338,240,242,23.6643,359,3,346,326,312,36.2215,398,3,379,362,377,8.94427,431,0,4,429,0,8.94427,427,0,40.1995,419,3,383,366,382,62.7375,154,3,350,333,332,18,409,370,371,372,387,388,389,390,391,407,408,410,411,427,428,429,430,431,)
(92.7793,0,3,338,276,259,20.3961,359,3,346,327,313,32.249,398,3,380,363,378,8.94427,432,0,4,430,0,8.94427,428,0,44.1814,419,3,383,366,382,64.622,154,3,350,333,332,17,410,371,372,388,389,390,391,392,408,409,411,412,428,429,430,431,432,)
(12.6491,356,3,338,321,307,14.9666,358,3,363,345,327,28.2843,398,3,379,380,439,8.94427,433,0,4,431,0,8.94427,429,0,48.1664,419,3,383,366,349,66.6933,154,3,337,333,332,16,411,372,389,390,391,392,393,409,410,412,413,429,430,431,432,433,)
(4,392,3,276,259,240,8.94427,394,3,363,346,327,24.3311,398,3,379,380,439,8.94427,434,0,4,432,0,8.94427,430,0,52.1536,419,3,383,366,350,28.8447,334,3,372,354,337,15,412,390,391,392,393,394,410,411,413,414,430,431,432,433,434,)
(4,393,3,266,240,283,8.94427,395,3,379,363,345,20.3961,398,1,380,8.94427,435,0,4,433,0,8.94427,431,0,56.1427,419,3,383,366,350,30.4634,351,3,372,371,354,15,413,391,392,393,394,395,411,412,414,415,431,432,433,434,435,)
(4,394,3,266,245,248,8.94427,396,3,380,363,346,16.4924,398,0,8.94427,436,0,4,434,0,8.94427,432,0,60.1332,419,3,371,351,383,8.94427,392,3,372,337,321,15,414,392,393,394,395,396,412,413,415,416,432,433,434,435,436,)
(4,395,3,266,283,246,8.94427,397,3,379,362,345,12.6491,398,0,8.94427,437,0,4,435,0,8.94427,433,0,64.1249,419,3,372,371,351,8.94427,393,3,337,321,318,15,415,393,394,395,396,397,413,414,416,417,433,434,435,436,437,)
(4,396,3,362,345,326,14.4222,363,2,346,379,8,418,0,8.94427,438,0,4,436,0,8.94427,434,0,68.1175,419,3,372,371,351,8.94427,394,3,338,321,307,16,416,379,394,395,396,397,398,414,415,417,418,434,435,436,437,438,)
(92.35,4,3,266,246,245,8.94427,380,0,4,418,0,5.65685,438,0,4,437,0,8.94427,435,0,72.111,419,3,372,371,354,8.94427,395,3,338,321,307,14,417,379,380,395,396,397,398,415,416,418,435,436,437,438,)
(92.0898,4,3,266,246,245,0,-1,0,0,-1,0,0,-1,0,4,438,0,8.94427,436,0,76.1052,419,3,372,371,354,8.94427,379,3,338,321,243,11,418,379,380,396,397,398,416,417,436,437,438,)
(92.0869,6,3,251,253,211,59.1946,310,3,366,349,331,76.4199,398,3,385,371,354,0,-1,0,0,-1,0,0,-1,0,0,-1,0,0,-1,0,8,419,381,382,399,400,401,420,421,)
(92.0869,5,3,331,288,271,60.1341,279,3,366,349,332,72.4431,398,3,385,371,379,0,-1,0,0,-1,0,0,-1,0,4,419,0,8.94427,381,0,10,420,381,382,399,400,401,402,419,421,422,)
(4,401,3,365,348,329,56.9922,279,3,349,385,333,68.469,398,3,386,371,380,0,-1,0,0,-1,0,0,-1,0,8,419,0,14.4222,364,2,347,382,11,421,382,399,400,401,402,403,419,420,422,423,)
(66.0908,138,3,349,331,329,54.0341,261,3,385,368,351,64.4981,398,3,379,362,345,0,-1,0,0,-1,0,0,-1,0,12.6491,399,0,14.4222,381,3,382,365,364,11,422,383,400,401,402,403,404,420,421,423,424,)
(64.622,137,3,349,332,331,51.4557,261,3,385,368,351,60.531,398,3,379,362,346,0,-1,0,0,-1,0,0,-1,0,16.4924,399,0,17.8885,381,3,382,365,364,12,423,383,384,401,402,403,404,405,421,422,424,425,)
(64.622,136,3,349,332,331,48.6441,239,3,385,368,351,56.5685,398,3,379,362,345,0,-1,0,0,-1,0,0,-1,0,20.3961,399,1,381,9,383,3,382,365,348,13,424,383,384,385,402,403,404,405,406,422,423,425,426,)
(98.0612,3,3,332,316,302,69.857,144,3,338,240,242,52.6118,398,3,380,363,361,0,-1,0,0,-1,0,0,-1,0,24.3311,399,2,381,382,23.3452,331,3,349,365,348,13,425,384,385,386,403,404,405,406,407,423,424,426,427,)
(97.3242,3,3,333,288,271,44.9854,261,3,338,241,345,48.6621,398,3,380,363,361,0,-1,0,0,-1,0,0,-1,0,28.2843,399,2,381,382,25.632,331,3,350,349,332,13,426,385,386,387,404,405,406,407,408,424,425,427,428,)
(96.7471,3,3,240,253,214,39.6841,278,3,338,345,242,44.7214,398,3,380,363,378,0,-1,0,0,-1,0,0,-1,0,32.249,399,3,364,381,382,17.9165,383,3,366,350,349,13,427,386,387,388,405,406,407,408,409,425,426,428,429,)
(96.3328,3,3,338,240,214,29.1204,359,3,346,326,312,40.7922,398,3,380,363,378,0,-1,0,0,-1,0,0,-1,0,36.2215,399,3,382,365,364,61.0574,172,3,366,350,349,13,428,387,388,389,406,407,408,409,410,426,427,429,430,)
(96.3328,0,3,338,240,242,25.923,359,3,363,346,326,36.8782,398,3,379,380,439,0,-1,0,0,-1,0,0,-1,0,40.1995,399,3,382,365,364,66.3325,154,3,350,349,333,13,429,388,389,390,407,408,409,410,411,427,428,430,431,)
(96.7471,0,3,338,240,242,22.9783,359,3,379,363,345,32.9848,398,2,380,439,0,-1,0,0,-1,0,0,-1,0,44.1814,399,3,383,382,365,68.1175,154,3,350,333,332,13,430,389,390,391,408,409,410,411,412,428,429,431,432,)
(55.9257,196,3,338,321,307,18.3303,358,3,380,363,346,29.1204,398,1,439,0,-1,0,0,-1,0,0,-1,0,48.1664,399,3,383,366,382,70.0857,154,3,350,333,332,13,431,390,391,392,409,410,411,412,413,429,430,432,433,)
(16.9706,356,3,338,293,276,17.8885,396,3,380,363,345,25.2982,398,1,439,0,-1,0,0,-1,0,0,-1,0,52.1536,399,3,383,366,382,72.2219,154,3,337,321,307,13,432,391,392,393,410,411,412,413,414,430,431,433,434,)
(8,393,3,259,266,240,17.8885,397,3,379,363,346,21.5407,398,0,0,-1,0,0,-1,0,0,-1,0,56.1427,399,3,383,366,349,36.8784,318,3,372,354,337,13,433,392,393,394,411,412,413,414,415,431,432,434,435,)
(8,394,3,266,245,248,20,380,3,363,345,326,16.4924,418,0,0,-1,0,0,-1,0,0,-1,0,60.1332,399,3,383,366,350,37.7362,334,3,372,354,337,13,434,393,394,395,412,413,414,415,416,432,433,435,436,)
(8,395,3,345,299,266,16.9706,380,3,379,362,346,12.6491,418,0,0,-1,0,0,-1,0,0,-1,0,64.1249,399,3,383,366,350,39.3957,351,3,372,371,337,13,435,394,395,396,413,414,415,416,417,433,434,436,437,)
(25.2982,327,3,362,345,313,17.8885,363,0,8,438,0,0,-1,0,0,-1,0,0,-1,0,68.1175,399,3,351,383,366,17.8885,392,3,372,371,337,13,436,395,396,397,414,415,416,417,418,434,435,437,438,)
(96.3355,4,3,266,246,245,8.94427,398,0,4,438,0,0,-1,0,0,-1,0,0,-1,0,72.111,399,3,371,351,383,17.8885,393,3,372,337,321,11,437,396,397,398,415,416,417,418,435,436,438,)
(96.086,4,3,266,246,245,0,-1,0,0,-1,0,0,-1,0,0,-1,0,0,-1,0,76.1052,399,3,372,371,351,17.8885,394,3,337,321,307,8,438,397,398,416,417,418,436,437,)
(99.5471,17,0,0,-1,0,0,-1,0,0,-1,0,0,-1,0,0,-1,0,90.7173,286,3,330,333,350,125.178,5,0,1,439,)
(48.6621,3,3,107,69,52,56.5685,44,3,112,115,75,43.0813,150,3,266,186,285,8.94427,240,3,298,312,326,49.4773,425,3,338,392,431,25.6278,288,3,302,316,287,37.9473,269,3,191,171,152,0,-1,3,135,134,154,18,440,178,179,198,199,200,216,217,219,220,236,237,238,240,257,258,259,441,)
(52.6118,0,3,107,73,69,45.607,118,3,185,112,115,36.8782,208,3,266,298,285,0,-1,3,312,326,344,46.8188,425,3,338,391,431,39.4078,385,3,288,302,316,40.7922,189,3,191,287,286,8.94427,198,3,153,135,134,18,441,198,199,200,217,219,220,221,237,238,240,241,257,258,259,275,276,440,)
